510,582,510,569,526,569,526,582	in
452,567,504,566,505,585,453,586	gains
171,583,171,566,207,568,206,584	can
350,584,350,567,447,567,446,585	significant
532,584,532,565,597,566,597,585	solving
292,567,344,566,344,583,292,584	make
211,585,211,565,287,567,286,586	actually
125,585,125,563,168,563,168,585	"We
332,538,332,516,381,517,381,539	says.
179,537,179,518,244,519,244,537	money
128,535,128,516,175,516,175,536	their
246,515,291,514,291,536,247,537	yinto,"
292,518,300,518,300,525,292,525	11
301,537,301,513,328,513,328,537	"he
417,495,424,493,427,502,420,505	a
386,508,386,491,413,491,413,508	on
216,506,216,489,267,490,267,506	more
320,508,320,487,382,488,382,509	things
270,508,270,486,317,487,317,509	risky
146,488,179,486,180,506,147,508	[see
580,505,580,488,598,488,598,505	tin
535,506,536,486,579,487,578,507	thati
482,488,532,486,533,506,482,507	basis
432,507,434,485,480,488,479,510	daily
182,506,182,485,213,485,213,506	far
245,456,245,440,301,440,301,456	worth
343,439,416,437,416,459,344,461	gamble
128,440,205,438,205,454,129,456	believes
304,457,304,436,341,437,340,458	the
209,437,240,436,241,457,210,458	it's
370,428,370,411,424,412,424,429	some
276,411,366,410,366,428,276,429	concedes
429,427,429,410,517,411,517,427	elements
182,426,182,410,270,412,270,428	Auckland
124,428,124,409,177,409,177,428	John
546,428,547,408,581,409,580,430	ftp>
523,428,523,408,544,408,544,428	of
203,362,276,361,276,380,203,382	capture
299,379,300,362,347,363,346,380	once
383,364,419,362,420,378,384,380	out.'
281,364,290,361,295,375,286,378	it
126,385,127,358,159,360,158,386	try
348,380,348,359,382,359,382,380	it's
423,367,423,363,426,363,426,367	1
159,380,161,357,200,360,198,383	yand
299,334,325,332,326,350,300,351	an
207,332,261,332,262,352,208,352	team.
502,353,502,331,544,331,544,353	just
419,349,419,330,477,332,477,351	easier
128,331,203,330,203,353,128,354	ground
546,332,598,331,598,348,546,349	leave
329,331,382,330,382,349,329,350	awful
480,351,480,331,502,331,502,351	to
385,331,416,330,417,350,386,351	llote
263,353,263,329,298,329,298,353	It's
341,314,341,310,343,310,343,314	I
418,328,418,305,442,305,442,328	lup
447,304,503,304,503,323,447,324	there
287,323,287,304,332,304,332,323	stick
248,304,285,303,286,323,248,324	not
508,323,508,303,550,303,550,323	Just
354,325,355,301,414,302,414,326	[CO2]
223,322,223,304,245,304,245,322	to
552,303,599,302,600,322,553,323	tleave
337,306,348,304,351,319,340,321	it
172,322,172,301,220,301,220,322	need
126,301,168,300,168,323,126,324	L"Werry
205,278,297,274,298,291,206,294	peatlands
488,293,488,275,558,275,558,293	carbon.
348,294,348,272,436,274,436,295	naturally
303,293,304,275,346,276,346,294	that
178,294,178,275,200,275,200,294	as
127,292,127,274,172,274,172,293	such
564,294,564,273,600,273,600,294	But
439,294,439,271,485,271,485,294	hold
357,250,409,247,410,265,358,268	MORE
273,248,353,245,353,268,274,271	growing
250,264,250,248,270,248,270,264	as
508,266,509,246,597,247,597,267	lhedgerow
128,266,129,245,195,248,194,269	nudge,
413,264,413,246,461,246,461,264	trees
196,265,196,245,244,245,244,265	,such
466,264,466,244,504,245,504,265	and
503,237,503,219,597,219,597,238	challengin
350,236,351,218,496,219,496,237	technologically
271,236,271,219,304,219,304,236	are
168,240,168,218,213,218,213,240	says
216,237,216,217,268,217,268,237	there
126,237,126,216,166,216,166,237	She
305,216,346,215,347,237,306,238	less
346,185,346,168,402,168,402,185	storm
266,185,266,168,341,168,341,185	Atlantic
448,186,448,167,501,168,501,187	we've
543,188,543,166,593,166,593,188	had".
501,168,541,165,543,189,503,191	ejust
228,190,228,165,260,165,260,190	big
182,190,183,165,211,166,210,191	tby
130,185,130,165,182,165,182,185	adrift
406,188,406,163,442,163,442,188	like
371,163,371,141,434,141,434,164	happy,"
324,162,325,138,369,141,367,165	every
207,141,291,140,291,156,208,157	wouldn't
560,158,561,139,600,141,599,161	ftonn
483,160,484,138,532,139,531,161	says,'
130,140,203,139,203,158,130,159	"People
445,160,446,138,483,139,482,161	"she
531,158,534,137,560,141,557,162	>"if
293,138,321,135,323,158,296,161	be
233,108,233,91,308,91,308,108	weather
129,110,129,88,200,89,200,110	enough
346,107,346,91,455,91,455,107	conditions?
204,109,204,88,228,88,228,109	to
313,108,314,85,343,87,341,109	rall
587,75,587,70,590,70,590,75	the
575,73,575,69,578,69,578,73	I
129,81,129,60,225,63,224,83	damaging
571,77,572,63,594,64,593,78	Ist
228,64,313,61,314,80,229,82	seaweed
414,79,414,60,473,61,473,80	South
376,81,376,60,411,61,411,82	the
317,80,317,61,351,62,350,81	lout
477,79,477,60,564,60,564,79	Atlantic?
354,62,371,61,372,78,355,79	in
339,53,339,36,419,36,419,53	systems.
561,52,561,36,598,36,598,52	con
208,53,208,35,234,35,234,53	on
129,53,130,35,205,35,205,54	impacts
240,33,333,32,334,52,241,54	biological
468,51,468,32,556,33,555,52	Seafields
423,52,423,30,464,31,464,53	Can
131,21,131,9,151,9,151,21	Dr
468,7,541,6,541,22,468,23	scheme
546,24,546,6,588,6,588,24	that
391,6,448,5,448,22,391,23	about
312,6,385,5,385,21,312,21	worried
157,22,157,4,241,5,241,24	Vaughan
267,4,308,3,308,23,267,24	also
