446,231,446,230,447,230,447,231	-
211,242,211,226,238,226,238,242	on
128,241,129,222,206,225,206,243	working
398,243,398,221,454,221,454,243	scale."
241,222,329,222,329,241,241,241	solutions
358,240,358,221,395,222,395,241	this
331,222,357,220,357,241,332,242	soft
454,224,458,223,459,229,455,229	in
401,213,401,195,488,197,488,214	everyone
492,195,571,194,571,214,492,215	thought
298,211,299,197,377,198,376,213	because
252,214,253,194,294,195,293,215	risk,
128,195,163,194,164,213,128,213	not
165,195,208,194,208,212,165,213	take
211,194,250,194,250,213,211,213	this
573,213,574,193,600,194,599,214	tth
171,184,171,170,206,170,206,184	can
211,168,285,167,286,186,212,187	actually
454,167,504,165,505,186,454,187	gains
349,165,450,165,450,186,349,186	significants
127,184,128,166,167,167,167,184	"We
291,165,344,165,344,185,291,185	make
531,184,532,165,599,167,598,186	solving
508,185,508,165,529,165,529,185	in
331,139,332,118,376,120,375,141	says.
179,136,179,118,244,120,244,139	money
249,138,249,116,292,116,292,138	into,"
129,134,129,118,173,118,173,134	their
301,116,329,116,330,136,301,136	"he
292,123,296,118,301,122,297,126	11
147,106,147,90,180,90,180,106	see
385,107,385,90,413,90,413,107	on
217,90,266,89,266,104,217,106	more
535,106,535,88,578,88,578,106	that
432,108,433,86,480,88,479,110	daily
270,108,270,86,318,87,317,109	erisky
483,89,531,87,532,105,484,106	basis
322,107,322,87,382,88,382,108	things
581,106,582,87,599,88,599,106	in
182,87,212,86,212,106,183,107	far
243,40,301,40,301,57,243,57	worth
211,57,211,39,241,39,241,57	it's
343,40,417,39,418,60,344,61	gamble
305,57,305,39,339,39,339,58	the
129,57,129,39,207,39,207,57	believes
371,14,422,13,422,26,371,27	some
430,28,430,10,517,10,517,28	elements
276,10,365,9,366,27,276,28	concedes
179,10,272,9,273,29,180,30	Auckland
546,27,547,10,579,11,579,29	the
127,27,128,10,176,11,176,28	John
521,28,521,8,545,9,544,29	of
