494,597,494,594,501,594,501,597	-
207,593,231,591,232,597,207,598	in
174,595,174,591,179,591,179,595	I
463,594,463,588,492,591,491,597	like
299,580,423,579,423,600,300,600	Tatorbu
490,529,491,508,585,511,584,532	telescope
302,531,302,509,370,509,370,531	helped
242,529,242,510,298,510,298,529	which
137,511,235,510,236,531,137,532	Edinburgh
373,529,373,509,397,509,397,529	do
452,508,487,508,487,529,452,529	the
397,507,449,506,450,527,398,528	build
384,499,384,481,490,484,489,502	Astronomy
493,501,494,480,594,482,594,503	Technology
198,500,198,479,254,480,254,501	Jones
137,498,137,481,194,482,194,499	Olivia
346,501,346,480,380,480,380,501	UK
308,481,342,479,343,500,309,501	the
257,500,257,481,306,481,306,500	from
563,475,567,453,600,459,598,480	epov
334,471,334,453,417,457,416,475	amazing,
165,455,198,454,199,472,165,473	see
464,472,464,453,524,453,524,472	shows
422,453,460,452,461,472,423,474	,and
312,454,328,454,328,471,312,471	is
271,452,309,451,309,471,271,472	this
203,472,205,451,229,454,227,475	171
528,452,562,450,563,473,529,475	the
135,452,163,450,164,472,136,474	Tos
231,451,266,450,267,472,232,474	like
234,428,356,426,356,443,235,445	observations
138,442,138,425,227,426,227,442	"Previous
469,427,549,425,549,441,469,443	revealed
554,444,554,424,588,424,588,444	the
425,425,464,424,465,444,426,445	1401
385,424,423,422,424,443,386,445	FWR
362,444,362,424,384,424,384,444	so
505,394,505,377,539,377,539,394	Tour
319,392,319,377,399,377,399,392	between
234,391,234,377,311,377,311,391	distance
137,376,190,375,190,394,137,395	times
541,393,542,373,588,374,587,395	Sun.
406,393,406,374,459,374,459,393	Earth
194,394,194,375,229,375,229,394	the
463,393,463,373,502,374,501,394	and
438,349,560,348,560,365,438,366	comprehend
303,365,303,347,358,348,358,366	that's
219,363,219,348,297,349,296,363	distance
566,365,566,347,600,347,600,365	Put
362,365,362,346,406,346,406,365	hard
135,365,136,346,197,347,196,366	That's
410,365,410,346,433,346,433,365	to
254,316,254,300,285,300,285,316	are
516,313,516,299,594,300,594,314	outwards
200,319,200,298,250,298,250,320	rings
289,315,289,298,333,298,333,315	dust
443,298,507,298,508,314,443,315	extend
337,315,337,297,392,297,392,315	shells
135,316,135,296,197,296,197,316	Those
396,315,396,297,440,297,440,315	that
138,248,238,247,238,265,138,267	light-years
297,266,297,246,350,246,350,266	Earth.
244,246,291,245,291,265,245,266	from
564,242,565,219,599,222,598,244	rsys
179,240,179,221,247,222,247,241	picture
522,238,522,220,562,222,562,239	star
250,221,311,219,311,238,251,239	shows
354,219,398,219,398,238,355,239	140.
453,220,518,219,518,236,453,236	double
316,220,351,219,352,237,316,238	WR
401,237,401,219,432,219,432,237	It's
134,216,176,216,177,240,135,241	The
137,189,137,169,212,169,212,189	insights
324,189,324,168,376,168,376,189	draw.
216,191,217,167,262,169,261,192	they
265,188,265,168,319,168,319,188	could
561,161,561,144,600,144,600,161	wer
320,145,439,144,440,158,320,160	astronomers
202,163,202,141,274,142,274,164	August,
448,158,448,144,463,144,463,158	in
505,159,505,141,558,141,558,159	know
468,160,468,141,501,141,501,160	the
159,140,198,139,199,161,159,161	late
280,160,280,139,316,139,316,160	,but
136,140,154,139,156,160,137,161	in
264,114,314,112,315,132,265,134	were
316,133,316,113,378,115,377,134	rather
508,131,508,114,558,114,558,131	when
382,113,456,111,457,132,383,134	puzzled
195,113,260,112,261,134,195,135	people
136,133,137,111,191,113,190,136	Many
458,133,461,109,487,112,484,136	dbyi
487,112,504,111,505,131,488,133	it
138,81,138,63,232,65,231,83	telescope
239,80,239,63,299,65,299,81	James
304,82,304,61,368,61,368,82	Webb.
582,42,592,38,596,48,586,52	see
545,57,545,35,580,35,580,57	yets
411,36,482,35,482,54,411,55	images
275,36,327,35,327,52,276,52	most
170,36,210,35,210,53,170,54	one
329,52,330,32,407,36,406,56	striking
486,52,486,34,543,34,543,52	we've
237,33,273,33,273,54,237,54	the
212,54,213,33,236,34,235,55	of
134,56,134,32,169,32,169,56	It's
