228,489,228,470,290,471,290,490	system
189,486,190,471,225,471,225,486	star
26,486,26,470,87,470,87,486	clearer
356,486,356,469,396,469,396,486	dust
398,469,450,468,451,486,398,487	shells.
293,487,293,468,327,468,327,487	and
90,486,90,468,131,468,131,486	view
155,486,155,468,186,468,186,486	the
328,486,328,467,354,467,354,486	dits
134,487,134,467,155,467,155,487	of
295,444,343,444,343,466,295,467	page,
530,459,530,445,600,445,600,460	remove
92,461,93,443,147,445,147,463	image
483,459,484,443,528,444,528,460	been
205,442,237,442,237,465,205,465	top
438,459,438,443,481,443,481,459	have
380,443,435,441,435,461,380,462	spikes
344,442,380,441,380,461,345,461	,the
260,443,293,442,294,462,261,462	fthe
171,443,204,442,205,460,171,461	the
150,443,169,442,170,460,151,461	at
58,460,58,441,91,442,91,461	rthei
24,461,24,441,58,441,58,461	For
240,441,262,441,262,462,240,462	oft
26,401,91,400,92,418,26,419	system.
414,417,414,401,445,401,445,417	can
199,400,261,399,261,417,199,418	objects
142,399,194,399,194,417,142,418	bright
340,400,409,398,410,415,341,418	pictures
287,415,287,399,337,399,337,415	Webb
95,418,96,398,138,400,137,420	Very
530,415,530,398,600,398,600,416	snowfla
493,415,494,398,528,399,527,416	this
449,399,490,397,491,414,450,416	have
263,415,263,399,280,399,280,415	in
528,392,528,374,600,374,600,392	segment
428,389,429,373,523,374,523,390	telescope's
190,390,190,374,262,374,262,390	artifacts
82,374,126,374,126,390,82,391	were
265,392,265,374,342,374,342,393	resulting
25,374,78,373,79,390,26,392	These
392,391,392,372,425,372,425,391	the
346,373,389,371,390,390,347,392	from
127,392,128,369,187,372,186,395	simply
288,345,288,331,335,331,335,345	came
466,330,514,329,514,345,466,346	stars.
24,329,66,328,67,350,24,351	very
70,332,158,329,158,343,70,346	prominent
402,344,402,329,462,329,462,344	central
243,347,243,327,285,327,285,347	flight
163,346,163,328,217,328,217,346	spikes
366,344,366,327,397,327,397,344	"the
337,345,338,326,366,327,365,346	off
220,345,220,327,241,327,241,345	soft
506,305,530,305,530,321,506,321	lon
188,320,189,303,280,304,280,321	renderings
534,318,534,304,583,304,583,318	social
380,321,381,303,419,303,418,322	that
134,304,183,304,184,320,134,320	Webb
422,303,502,302,503,321,423,323	appeared
307,303,340,302,341,320,308,321	FWR
82,319,82,304,129,304,129,319	initial
46,321,47,303,77,304,77,322	the
344,321,344,303,377,303,377,321	140
25,305,41,302,44,319,27,321	In
285,322,285,302,305,302,305,322	soft
61,275,61,260,119,261,119,275	carbon
125,262,191,259,192,274,126,277	content
334,260,412,258,412,273,335,274	Universe
197,259,293,258,293,272,197,273	throughout
298,275,298,257,330,257,330,275	the
24,257,57,256,57,275,25,276	the
445,249,445,234,488,234,488,249	stars
145,250,145,233,200,233,200,250	motor
491,249,491,233,520,233,520,249	are
26,251,26,233,96,233,96,251	exhaust
523,232,594,232,594,250,524,251	thought
333,233,414,232,415,251,334,252	produced
204,232,272,232,272,248,204,249	vehicles.
418,254,418,231,443,231,443,254	dbys
280,249,280,232,330,233,330,250	PAHs
98,231,140,231,140,248,98,249	from
58,229,58,208,98,208,98,229	very
26,210,55,209,55,224,26,225	are
438,225,438,209,463,209,463,225	on
567,224,568,207,600,209,600,226	tand
206,208,307,206,307,223,206,224	compounds
101,209,199,208,199,223,101,224	carbon-rich
520,207,564,207,564,224,520,224	toast
468,208,516,207,516,224,468,225	burnt
390,224,390,207,434,207,434,224	them
350,225,350,205,387,205,387,225	find
313,224,313,205,348,205,348,224	You
445,182,563,181,563,196,445,197	hydrocarbons,
362,197,363,182,440,183,439,198	aromatic
118,198,118,182,147,182,147,198	are
275,202,275,182,359,182,359,202	polycyclic
151,196,151,179,243,182,242,199	dominated
569,182,600,180,600,197,570,199	,PAH
248,202,248,181,269,181,269,202	by
64,197,64,181,114,181,114,197	shells
25,181,61,180,61,198,26,198	The
177,141,255,139,255,152,177,154	scientists
426,152,426,140,533,140,533,152	composition.
286,140,370,139,370,151,286,152	determine
378,153,378,138,419,138,419,153	their
261,153,261,139,280,139,280,153	to
103,153,103,137,171,138,171,154	enabled
25,136,63,135,64,153,25,155	This
66,137,97,135,98,153,67,155	has
139,92,180,91,180,109,139,109	from
71,109,71,91,135,94,134,112	coming
218,108,218,91,258,91,258,108	dust
184,110,184,90,217,91,216,111	the
25,114,25,89,69,89,69,114	light
262,108,262,90,311,90,311,108	shells.
368,87,369,67,412,68,412,88	page
572,82,572,69,600,70,600,83	ana
68,67,116,67,116,83,68,84	taken
218,67,239,66,240,83,219,84	at
153,68,217,65,218,83,154,87	picture
274,88,274,65,307,65,307,88	top
490,82,490,65,533,65,533,82	done
449,66,485,65,486,82,450,84	also
239,65,271,63,273,83,241,85	the
119,65,151,64,152,83,120,84	the
535,84,535,64,569,64,569,84	the
23,86,23,63,65,63,65,86	only
414,65,447,65,447,82,414,83	but
331,84,331,64,365,64,365,84	this
309,84,309,64,331,64,331,84	oft
27,62,27,43,90,43,90,62	agency
410,45,426,43,427,58,411,59	or
305,58,305,42,401,43,401,59	Instrument,
127,58,127,42,188,42,188,58	Webb's
231,41,298,41,298,57,231,58	Infrared
432,57,432,40,472,40,472,57	Miri
192,59,192,40,228,40,228,59	Mid
104,59,104,41,124,41,124,59	of
581,56,584,39,600,43,598,59	the
543,40,580,39,580,58,544,59	Miri
473,40,511,40,512,58,473,59	And
513,40,541,38,542,58,514,59	dit's
44,33,44,17,78,17,78,33	was
392,29,392,17,499,19,499,31	construction
352,16,386,15,386,32,353,33	and
185,32,185,15,224,15,224,32	that
146,32,146,15,182,15,182,32	ATC
556,16,587,15,588,32,557,32	the
515,15,554,14,554,31,516,32	with
80,16,111,15,111,32,81,32	the
291,33,292,13,349,16,348,36	design
225,32,225,14,255,14,255,32	tled
114,32,114,15,144,15,144,32	UK
256,32,256,14,289,14,289,32	the
