111,598,111,586,176,587,176,599	nature's
362,586,466,585,467,598,362,598	government
48,599,48,586,65,586,65,599	to
474,594,474,587,481,587,481,594	is
274,600,274,582,320,583,319,600	2030
182,600,182,583,243,584,243,600	decline
558,600,558,582,599,583,599,600	back
489,600,489,583,554,583,554,600	limping
326,600,326,583,358,583,358,600	the
69,600,69,583,104,583,104,600	halt
248,600,248,583,272,583,272,600	by
140,560,220,558,221,574,140,575	executive
521,573,521,558,567,560,567,574	show
458,557,518,555,519,575,458,576	figures
412,575,412,557,455,557,455,575	hour
226,559,289,558,290,573,226,574	Richard
91,574,91,557,137,557,137,574	chief
570,574,570,557,599,558,599,575	_tha
369,574,369,557,409,557,409,575	said:
296,559,364,557,365,572,297,574	Benwell
46,557,88,556,89,575,46,576	WCL
223,528,224,513,273,515,272,531	most".
47,515,129,513,130,530,47,532	protected
135,536,135,513,158,513,158,536	by
190,529,192,510,223,513,221,533	o""atr
159,531,159,511,192,511,192,531	/4%
550,505,550,488,600,488,600,505	amou
134,489,218,488,218,503,134,504	Protected
70,489,129,487,129,502,71,503	Marine
433,502,433,487,511,487,511,502	increased
222,504,223,486,276,487,276,506	Areas,
47,504,47,488,67,488,67,504	of
391,504,391,484,430,485,429,505	shadi
356,504,356,486,391,486,391,504	this
314,503,315,485,356,487,355,505	that
516,485,547,484,548,504,517,505	the
279,484,314,483,315,504,279,505	but
544,480,544,463,594,463,594,480	some
80,479,80,463,148,463,148,479	amount
423,462,540,461,540,480,423,481	strengthened
174,462,259,460,260,482,174,484	fprotectedly
46,462,77,461,77,477,47,478	the
262,461,304,460,304,477,262,479	land
150,478,152,460,173,462,171,481	tofp
383,478,383,459,421,459,421,478	also
367,478,367,461,380,461,380,478	it
327,478,327,459,362,459,362,478	said
310,478,310,461,324,461,324,478	It
113,448,113,444,117,444,117,448	I
47,454,47,438,104,438,104,454	nature
178,455,178,437,216,437,216,455	new
568,455,569,436,600,437,600,456	,add
355,452,355,437,435,438,435,452	Scientific
129,437,175,437,175,454,129,454	three
438,437,506,435,506,452,439,454	Interest
288,436,350,435,351,453,288,454	Special
509,455,510,432,568,436,567,459	(sssi),
110,439,121,438,121,450,111,451	in
218,436,261,435,262,453,218,454	Sites
266,453,266,435,287,435,287,453	ofs
495,414,565,413,566,425,495,427	hectares
571,427,573,409,600,412,598,430	(6,
438,428,438,410,491,410,491,428	2,800
383,427,383,410,435,410,435,427	about
284,428,284,411,379,411,379,429	designated
137,429,137,411,243,411,243,429	government
101,429,102,408,134,409,133,430	dthes
61,428,61,408,101,408,101,428	tsaid
244,427,245,408,281,409,280,428	had
50,412,57,411,58,423,51,424	It
46,382,46,367,77,367,77,382	sea
359,366,445,365,446,384,359,385	compared
493,382,493,366,539,366,539,382	2021
450,382,450,365,488,365,488,382	with
271,381,271,364,354,366,353,382	increased
213,384,213,363,268,363,268,384	barelyi
101,384,102,364,172,365,172,384	England
174,364,211,362,212,382,175,384	dhad
78,381,79,364,97,366,95,382	in
487,343,572,340,573,355,487,358	protection
364,361,364,339,441,339,441,361	England
266,357,266,340,340,342,339,359	coalition
580,341,600,341,600,358,580,358	NO.1
345,342,360,341,362,356,346,358	in
47,341,156,339,156,356,47,358	environment
443,340,483,338,484,359,444,361	,said
198,339,261,339,261,357,198,358	wildlife
159,357,159,339,196,339,196,357	and
357,329,357,315,461,316,461,331	Countryside
164,331,164,314,219,315,219,332	report
46,315,125,315,126,332,46,333	However,
568,332,568,314,600,314,600,332	,the
508,313,564,312,564,332,508,333	(WCL),
465,332,465,314,505,314,505,332	Link
221,334,222,313,246,314,245,335	by
130,332,130,314,161,314,161,332	,the
317,332,318,313,354,314,353,333	and
249,313,316,312,317,330,249,332	Wildlife
391,263,391,243,431,243,431,263	see
71,263,71,243,159,243,159,263	Register
274,261,274,242,358,243,358,263	account
433,264,434,240,484,244,483,267	why
362,261,362,241,387,241,387,261	to
219,262,220,239,272,242,271,265	BBC
163,263,163,240,199,240,199,263	for
129,216,210,215,210,235,130,236	source.
69,233,69,216,127,216,127,233	news
236,200,236,183,294,184,294,201	more
130,183,206,181,206,204,131,205	people
298,183,366,181,367,200,299,202	places
209,183,232,182,233,200,210,201	in
68,202,69,180,127,181,127,203	More
546,200,547,180,599,183,598,202	than
372,198,372,181,426,182,425,199	trust
482,199,482,181,543,181,543,199	News
430,199,431,179,479,181,478,201	BBC
156,116,223,115,223,130,156,130	amount
271,116,357,114,357,132,271,133	protected.
47,115,116,112,117,128,47,130	increase
227,134,227,113,267,113,267,134	they
121,131,121,111,154,111,154,131	the
528,105,528,91,598,92,598,106	governm
322,105,322,87,365,87,365,105	work
445,103,445,87,522,87,522,103	devolved
45,87,118,86,118,107,45,108	England
281,104,281,86,318,86,318,104	also
224,87,279,86,279,103,225,105	would
198,104,198,87,221,87,221,104	he
410,104,410,86,441,86,441,104	the
368,86,406,84,407,103,368,105	<with
158,105,158,85,196,85,196,105	said
121,106,121,85,157,85,157,106	and
295,77,295,62,367,63,367,77	Johnson
169,78,169,62,239,62,239,78	minister
459,65,569,63,569,76,460,77	commitment
370,63,420,62,420,77,370,78	made
114,63,165,61,166,78,115,80	prime
46,62,111,62,111,79,46,79	Former
574,78,575,59,600,61,600,80	wit
422,61,455,60,455,78,423,79	the
244,78,244,60,290,60,290,78	Boris
146,31,146,18,222,19,221,32	Montreal
121,31,123,19,140,21,138,33	in
48,31,48,19,109,19,109,31	COP15
250,32,250,18,338,19,338,33	December
386,1,461,0,461,6,386,7	interfili
502,8,502,0,596,0,596,8	diouivets
315,11,315,0,385,0,384,12	and
231,0,292,0,293,12,231,13	ayes
181,0,229,0,229,9,181,10	LOVE
46,0,149,0,149,8,46,8	flamewotk
295,8,296,0,317,0,317,9	all
151,8,151,0,181,0,180,8	sel
