96,298,98,296,99,298,98,299	I
3,302,3,287,84,287,84,302	milestone
148,304,148,284,267,284,267,304	development
330,303,330,284,374,284,374,303	field
112,285,143,284,143,303,112,303	the
295,303,295,284,326,284,326,303	the
271,304,271,284,293,284,293,304	loft
91,288,106,285,108,301,93,304	in
71,264,71,263,73,263,73,264	-
266,264,266,263,268,263,268,264	I
267,263,267,262,269,262,269,263	:
286,271,286,254,335,255,335,272	three
189,256,254,254,255,272,189,274	physics
12,255,58,253,59,274,13,276	prize
120,271,120,254,160,254,160,272	field
85,272,85,253,116,253,116,273	the
68,272,68,255,81,255,81,272	in
262,254,281,253,282,271,263,272	to
162,253,183,251,184,273,164,274	of
103,224,153,224,154,239,103,240	when
2,226,97,225,97,239,2,241	confirmed
254,223,302,222,302,239,255,240	Prize
194,222,250,221,250,239,194,240	Nobel
159,240,159,221,190,222,190,240	the
0,208,0,194,39,194,39,208	vere
97,199,97,197,99,197,99,199	the
223,209,223,193,263,193,263,209	after
157,208,158,192,216,192,215,209	weeks
44,192,87,191,88,208,45,209	built."
118,208,118,192,152,192,152,208	few
269,191,302,191,302,209,270,209	this
17,176,17,161,97,161,97,176	recorded
159,177,160,159,195,161,194,179	40s
315,178,315,160,352,160,352,178	last
281,177,282,159,312,160,312,178	the
125,178,126,159,157,160,156,178	the
219,178,219,159,253,159,253,178	50s
257,178,257,158,279,159,278,178	soft
104,161,121,159,123,177,106,178	in
217,146,217,130,300,130,300,146	Calcalist.
174,129,212,129,212,146,174,147	with
88,145,88,130,169,132,169,147	interview
1,129,80,129,80,146,1,147	exclusive
307,146,307,129,346,130,346,147	"We
237,106,237,104,238,104,238,106	-
236,105,236,103,238,103,238,105	-
18,101,77,100,77,114,18,115	Senior
289,99,324,98,324,115,290,116	and
246,115,246,98,284,99,283,115	IBM
129,98,217,97,217,114,129,115	President
330,97,375,97,376,116,330,116	head
83,116,83,98,124,98,124,116	Vice
224,99,241,98,241,114,224,115	of
157,77,161,74,165,78,160,81	in
333,69,365,69,365,84,333,85	era
60,69,92,68,92,84,61,84	are
258,84,258,66,328,67,328,85	exciting
206,83,206,66,253,66,253,84	most
15,67,55,66,55,83,16,84	_We
170,84,171,66,202,66,202,85	the
155,74,155,69,164,69,164,74	16
95,85,96,65,144,67,144,86	living
269,39,321,39,321,52,269,53	races
328,52,329,38,374,38,373,53	ever
89,53,89,35,180,37,179,55	promising
186,37,264,36,264,52,186,52	scientific
2,53,2,35,82,37,82,55	otentially
290,22,290,6,359,6,358,22	winning
53,23,53,4,104,5,104,24	trying
259,24,260,3,285,5,284,26	fby
133,5,206,3,206,20,133,21	reinvent
0,25,0,3,28,4,28,25	old
213,21,213,3,256,4,256,22	itself
109,4,129,4,129,22,110,22	to
31,4,48,4,48,21,31,21	is
