266,598,267,582,311,583,311,598	even
23,584,109,583,109,597,23,598	meanings
316,598,317,581,370,582,369,599	today
188,597,188,582,259,582,259,597	obscure
117,597,117,581,180,581,180,597	remain
230,551,338,550,338,568,230,569	phenomena
482,552,557,550,558,567,482,568	particles.
138,550,200,549,201,570,139,571	variety
21,552,115,551,115,568,21,570	describing
566,566,566,548,599,549,599,567	And
458,565,459,549,476,551,474,567	of
401,548,452,547,453,566,402,567	world
346,566,346,550,360,550,360,566	in
207,567,207,549,225,549,225,567	of
364,548,397,546,398,566,365,568	the
546,540,546,519,600,520,600,541	PROVE
448,536,448,520,501,520,500,537	Imore,
210,521,248,520,249,538,210,539	was
353,520,404,519,404,536,353,537	Imore
255,520,347,519,348,534,255,534	developed
146,537,146,517,204,517,204,537	theory
507,537,507,516,544,517,544,538	and
19,536,19,517,100,517,100,536	followed
407,537,407,516,445,516,445,537	and
106,537,106,516,142,516,142,537	this
352,499,352,496,355,496,355,499	I
352,497,352,493,356,493,356,497	I
375,505,375,490,397,490,397,505	as
480,488,554,488,554,508,481,509	packets
238,507,238,486,299,487,299,508	"jumps,
22,503,22,489,109,489,109,503	described
403,503,403,488,474,488,474,503	discrete
137,507,137,485,235,488,234,509	h"quantum"
306,506,306,486,344,486,344,506	that
349,504,349,488,362,488,362,504	is
39,460,88,459,89,473,39,474	wave,
227,472,228,458,250,459,249,473	as
562,456,599,455,600,475,562,476	part
432,477,432,455,496,456,496,478	energy
273,458,337,456,338,475,273,477	particle
143,457,220,455,220,470,143,472	behaves
506,469,506,459,517,459,517,469	of
358,472,358,455,393,455,393,472	and
97,454,138,453,138,473,97,474	also
524,454,559,453,559,473,524,474	this
396,474,396,453,428,453,428,474	the
482,423,535,423,535,442,482,443	which
314,441,314,424,385,424,385,441	realized
233,441,233,424,306,424,306,441	Einstein
172,442,172,423,229,423,229,442	Albert
133,443,133,423,171,423,171,443	and
65,424,129,423,130,442,65,443	Planck
540,423,580,422,580,442,540,443	until
431,444,431,422,476,423,476,445	light,
391,442,392,422,429,423,428,444	that
19,442,19,423,61,423,61,442	Max
316,397,395,396,395,411,317,413	accurate.
555,393,599,392,599,412,556,413	where
458,410,458,393,550,394,550,410	happened
268,412,270,392,310,394,309,415	very
234,411,234,393,266,393,266,411	not
84,394,142,393,143,410,84,411	turned
21,410,21,393,79,393,79,410	model
412,392,454,391,454,411,412,412	This
147,412,147,391,179,391,179,412	out
203,391,230,389,232,410,205,413	berr
301,364,370,363,371,382,301,383	around
228,381,229,362,297,364,297,382	moving
140,365,222,363,222,379,141,381	electrons
21,365,92,365,92,379,21,380	nucleus
471,380,471,360,561,362,560,382	beginning
567,382,567,362,587,362,587,382	of
97,380,97,360,135,360,135,380	and
433,380,434,360,467,361,466,381	the
413,362,431,362,431,379,413,379	at
377,361,409,360,410,379,378,381	but
118,350,118,333,151,333,151,350	are
427,349,427,332,475,332,475,349	atom
155,332,247,331,248,352,155,353	presented
85,332,116,331,117,350,86,351	Iwe
399,349,399,332,423,332,423,349	an
19,350,19,331,82,331,82,350	school
520,348,520,331,568,331,568,348	looks
479,349,479,331,516,331,516,349	that
314,349,314,331,372,331,372,349	model
253,331,291,329,292,349,254,351	with
573,349,573,329,600,329,600,349	like
376,350,376,330,397,330,397,350	lof
121,316,121,306,135,306,135,316	to
507,302,582,301,583,319,507,320	particles,
405,322,405,300,448,300,448,322	very
142,301,207,300,208,319,143,319	explain
356,320,357,301,400,301,400,321	fvery
250,317,250,301,327,301,327,318	behavior
38,321,38,300,113,300,113,321	possible
451,318,451,299,501,300,501,319	small
212,299,245,298,245,318,213,319	the
335,317,335,299,353,299,353,317	OF
496,273,551,272,551,285,496,285	sense.
410,285,410,270,488,271,488,285	common
307,289,308,270,332,271,331,291	go
217,271,278,270,278,285,218,286	seems
20,288,20,270,110,270,110,288	computer
337,288,337,269,406,270,405,289	against
287,283,287,271,300,271,300,283	to
559,284,561,267,600,269,598,287	_Qui
161,285,161,267,211,268,210,286	which
116,267,154,266,154,286,116,287	and
523,253,523,239,594,239,594,253	underlie
223,237,268,236,268,261,224,262	stop
121,254,121,238,196,238,196,254	moment
416,256,416,237,475,237,475,256	theory
311,256,311,237,376,237,376,256	explain
479,237,518,235,518,255,480,257	that
269,256,269,236,308,236,308,256	and
381,237,413,236,414,255,381,256	the
65,254,65,237,80,237,80,254	is
19,256,19,236,60,236,60,256	This
86,256,86,234,117,234,117,256	the
22,204,22,188,115,189,115,205	everything
145,186,224,186,224,202,145,202	between
124,187,138,186,139,201,125,202	in
237,154,325,154,325,173,237,173	"quantum
21,172,21,154,77,154,77,172	called
493,170,494,154,597,156,597,172	simultaneous
98,175,98,152,145,152,145,175	qubit
149,153,204,152,204,173,150,174	(short
420,152,468,151,468,174,421,174	qubit
206,172,206,152,234,152,234,172	for
471,171,471,153,487,153,487,171	is
377,173,377,150,417,150,417,173	The
329,175,329,150,373,150,373,175	bit
486,142,486,125,512,125,512,142	on
330,124,425,123,426,142,330,143	computing
245,142,245,125,324,126,324,143	quantum
534,141,534,123,583,123,583,141	basic
20,123,74,122,75,141,20,142	there
432,122,482,121,482,141,432,141	relies
79,139,79,121,147,123,146,140	instead
175,142,175,121,206,121,206,142	the
152,141,152,122,172,122,172,141	loft
208,142,208,120,239,121,238,144	bit
350,107,351,98,361,99,359,108	IS
244,114,244,93,341,93,341,114	computing
159,95,240,94,240,111,160,112	quantum
21,110,21,94,151,94,151,110	understanding
403,95,502,94,502,109,403,110	recognition
509,110,509,91,547,91,547,110	that
551,110,551,91,583,91,583,110	this
366,110,366,90,398,90,398,110	the
94,62,176,62,177,79,94,80	concepts
286,79,286,61,332,62,332,80	zero.
541,61,597,60,597,77,542,78	binarie
405,61,457,59,458,77,405,78	about
205,61,242,59,243,78,206,80	fone
183,79,183,61,202,61,202,79	of
21,77,21,60,86,60,86,77	familiar
498,78,499,58,538,59,537,79	and
336,79,336,59,400,60,400,79	Forget
244,58,282,57,283,78,245,79	and
461,77,462,57,496,58,495,78	bits
553,49,554,27,598,29,597,51	stop
510,46,510,32,525,32,525,46	is
256,46,256,31,317,31,317,46	broken
534,43,536,32,548,34,546,45	to
464,50,464,28,507,28,507,50	tstepi
135,30,182,29,182,47,136,48	must
324,29,377,29,377,46,324,47	down
20,29,127,29,127,50,20,51	computing",
426,47,426,27,463,27,463,47	first
225,28,250,27,251,46,225,47	be
185,47,186,26,223,27,223,48	first
383,47,383,27,421,27,421,47	The
533,19,533,1,600,1,600,19	concept
400,16,401,0,490,1,489,18	computer,
256,16,256,4,273,4,273,16	of
49,16,49,2,151,3,151,18	understand
314,18,314,1,396,2,396,19	quantum
192,20,192,0,252,1,252,20	power
497,16,497,0,531,0,531,16	this
157,17,157,0,190,0,190,17	the
277,18,277,0,309,0,309,18	fthe
18,17,18,0,45,0,45,17	STOP
