23,391,132,389,133,405,23,407	probabilistic
567,375,567,357,600,359,600,376	cert
383,376,383,358,442,358,442,376	words,
22,360,96,358,96,373,23,375	possible
332,374,332,357,379,359,379,376	other
102,358,183,357,183,372,102,373	locations
449,375,450,355,507,356,506,377	reality
232,375,232,356,298,356,298,375	coexist.
189,375,189,356,228,356,228,375	that
532,376,532,356,565,356,565,376	not
310,359,325,359,325,374,310,374	In
512,374,512,357,528,357,528,374	is
416,346,417,325,459,326,458,346	one.
158,341,158,325,233,327,232,343	location:
102,344,102,327,153,327,152,345	exact
295,342,295,327,361,327,361,342	doesn't
20,326,69,326,69,344,20,345	know
560,326,594,325,594,344,560,344	has
367,344,367,326,413,326,413,344	have
464,344,465,325,535,327,534,345	Instead
253,347,253,323,291,323,291,347	just
73,325,97,322,99,344,75,347	vits
80,297,134,295,134,316,81,317	paths
223,314,223,295,273,296,273,314	them
349,295,404,294,405,312,349,313	called
298,312,299,295,344,295,344,312	state
138,313,138,295,217,295,217,313	between
408,315,408,295,542,295,542,315	I"superposition"
558,314,558,294,587,294,587,314	It's
48,313,48,294,78,294,78,313	the
21,314,21,293,45,293,45,314	all
545,279,545,266,599,267,599,280	move
46,266,124,264,124,280,46,282	quantum
216,266,282,263,283,280,217,283	particle
131,282,132,264,191,266,191,284	theory
362,280,362,264,440,265,440,281	between
484,264,539,262,539,281,485,282	points
290,281,290,262,356,264,356,282	moving
444,282,444,261,482,261,482,282	two
21,279,21,265,38,265,38,279	to
572,251,573,234,600,235,600,252	NO.
527,249,528,234,568,234,568,249	than
473,233,522,232,522,249,474,249	more
131,252,131,232,211,233,211,252	example
358,235,425,231,426,250,359,253	particle
300,250,300,232,337,232,337,250	that
254,250,254,231,295,231,295,250	idea
19,249,19,232,68,232,68,249	Such
449,249,449,232,470,232,470,249	in
220,232,251,231,251,250,220,250	the
97,231,127,230,128,251,97,251	for
266,197,266,181,312,182,312,198	even
116,199,116,180,180,181,180,199	remain
23,197,24,182,110,183,110,198	meanings
315,199,316,179,370,181,370,201	today
186,181,259,179,259,196,186,198	obscure
231,154,337,150,337,164,232,167	phenomena
138,170,138,148,200,148,200,170	variety
22,166,22,150,115,150,115,167	describing
480,151,559,148,559,166,480,169	particles.
402,165,403,150,451,150,451,165	world
206,168,206,149,226,149,225,169	of
566,167,566,147,600,147,600,167	And
366,148,396,148,396,166,366,167	the
456,167,456,148,477,148,477,167	lof
547,139,547,119,600,121,600,140	prove
210,137,210,121,248,121,248,137	was
356,135,356,119,404,119,404,135	more
448,136,448,118,498,119,498,138	Imore
255,134,255,118,347,119,347,134	developed
146,137,147,118,206,119,205,138	theory
19,118,101,117,101,136,19,137	followed
508,136,508,117,544,117,544,136	and
408,136,408,117,444,117,444,136	and
107,137,107,117,142,117,142,137	this
375,105,375,90,397,90,397,105	as
480,89,554,86,554,105,481,108	packets.
23,104,23,88,109,88,109,104	described
404,88,473,87,474,104,404,105	discrete
305,86,344,85,344,105,306,106	"that
238,107,238,86,298,86,298,107	"jumps,
568,101,568,90,580,90,580,101	In
138,106,138,86,228,88,228,109	""quantum"
347,86,367,86,367,108,347,108	is,
38,60,89,59,89,73,38,74	wave,
433,75,433,56,496,58,496,77	energy
226,73,227,57,250,58,249,74	as
561,56,600,56,600,76,561,77	part
271,58,337,54,338,72,272,76	particle
144,72,144,56,220,57,220,73	behaves
358,72,358,56,392,56,392,72	and
99,56,137,55,138,72,100,73	also
525,74,525,54,558,54,558,74	this
397,54,428,52,429,73,398,75	the
234,25,305,23,305,40,234,41	Einstein
540,24,579,24,579,41,540,42	until
313,41,313,25,385,25,385,41	realized
174,41,174,24,228,24,228,41	Albert
134,41,134,24,170,25,170,42	and
65,42,65,24,129,24,129,42	Planck
482,24,534,24,535,40,482,41	which
432,45,432,22,475,22,475,45	light
391,23,429,23,429,42,392,42	that
21,41,21,24,60,24,60,41	Max
457,12,457,2,552,2,552,13	nappened
268,0,309,0,309,15,268,15	every
83,2,143,1,143,12,83,12	turnea
21,2,79,0,80,12,21,14	moder
557,9,557,0,600,1,599,11	wner
415,0,453,0,453,11,415,11	INIS
315,11,315,0,399,0,399,11	accurate.
232,13,232,0,268,0,267,13	not
204,12,204,0,231,0,231,12	pepsi
147,0,180,0,180,12,147,12	out
180,12,181,0,203,0,202,13	no
