418,531,419,514,472,518,471,535	every
38,530,38,517,135,517,135,530	"Quantum
473,514,524,513,525,534,473,535	ylarge
142,532,142,513,243,515,243,533	computing
529,531,529,512,598,513,598,532	industr
289,514,411,512,411,527,290,529	revolutionize
247,513,283,511,284,530,248,533	will
107,501,108,483,149,485,148,504	deal
35,485,101,483,101,503,35,504	million
413,475,413,458,503,458,503,475	quantum
506,475,506,457,595,457,595,475	computin
36,475,37,456,129,457,129,476	Quantum
349,472,349,454,407,454,407,472	Israeli
257,456,341,453,341,472,258,474	establish
232,457,250,455,251,469,234,471	to
134,472,134,454,224,454,224,472	Machines
138,445,138,427,227,427,227,445	quantum
335,427,390,426,390,442,335,443	starts
393,429,408,426,410,441,396,444	it
35,444,35,426,94,426,94,444	"Once
232,441,232,424,329,425,329,442	revolution
482,444,482,424,595,425,595,444	exponential'
411,425,445,423,446,442,412,444	will
451,442,451,424,476,424,476,442	be
97,445,97,423,134,423,134,445	the
99,412,99,395,178,395,178,412	articles:
12,411,12,394,91,394,91,411	Related
573,362,573,345,599,345,599,362	an
459,360,459,345,483,345,483,360	an
490,344,566,343,566,360,490,360	absolute
257,359,257,344,354,346,354,361	computers
88,344,129,343,130,360,89,361	than
13,343,82,343,82,359,14,360	efficient
361,343,424,342,424,360,361,361	search
171,359,171,343,250,343,250,360	classical
134,360,134,342,165,342,165,360	the
426,361,427,339,456,340,455,362	for
515,315,597,312,598,329,515,332	problems
444,331,444,312,508,312,508,331	certain
231,314,310,312,310,332,232,334	problem,
173,333,174,311,229,314,228,335	revery
68,329,68,314,137,314,137,329	suitable
32,313,63,312,64,329,33,331	not
374,312,440,311,440,332,375,333	solving
11,330,11,312,28,312,28,330	is
352,330,352,311,370,311,370,330	in
316,331,316,310,349,310,349,331	buti
142,330,143,308,172,310,171,332	efore
571,302,572,283,600,284,600,303	sprout
14,298,14,283,89,283,89,298	examine
331,281,388,281,388,299,331,300	obtain
130,298,131,280,177,282,177,299	state
456,282,518,281,519,299,456,300	results.
240,300,240,280,285,280,285,300	qubit
393,297,393,280,449,281,449,298	useful
290,300,290,280,327,280,327,300	and
204,280,235,278,236,298,205,300	the
181,300,181,280,202,280,202,300	off
96,280,125,279,126,298,96,299	the
525,300,525,277,567,277,567,300	This
484,254,587,253,587,267,484,268	approaches
80,268,80,251,164,253,164,269	sideways
389,267,389,251,476,251,476,267	statistical
212,268,212,250,286,250,286,268	explains
12,251,57,250,57,266,12,267	have
329,270,329,248,384,249,384,270	Using
291,270,291,249,325,249,325,270	Gil
168,250,199,248,201,271,169,273	tilt,"
510,238,510,221,589,221,589,238	example,
93,238,93,220,135,220,135,238	zero
10,222,49,220,50,238,10,239	one
435,237,435,220,474,220,474,237	coin
338,220,390,218,390,240,338,241	poles
140,237,140,221,171,221,171,237	are
247,239,247,218,297,219,297,240	ends
52,237,52,219,89,219,89,237	and
477,238,477,218,505,218,505,238	for
393,237,393,218,414,218,414,237	SOF
301,238,301,217,335,217,335,238	the
170,219,208,216,211,239,173,243	ejust
211,217,243,216,243,237,211,238	the
444,202,446,192,463,195,462,204	as
488,209,488,188,565,188,565,209	question
312,206,312,188,348,188,348,206	can
66,203,66,188,162,189,162,203	distribution
193,205,193,187,257,187,257,205	values.
571,205,572,185,593,187,591,206	ofr
401,206,401,186,423,186,423,206	ofi
353,204,353,186,397,187,397,205	think
172,203,173,188,189,189,188,204	of
11,205,11,186,42,186,42,205	but
262,207,262,184,309,184,309,207	""You
425,159,523,157,523,173,426,175	represents
273,164,273,161,276,161,276,164	a
292,172,292,158,413,159,413,173	superposition
10,177,10,157,101,157,101,177	computer
563,176,563,156,600,156,600,176	tone
201,158,260,156,260,173,201,175	thanks
143,178,144,155,195,156,195,178	qubit,
528,156,562,155,562,176,529,177	not
268,173,268,157,285,157,285,173	to
106,175,106,154,140,154,140,175	the
346,147,347,125,389,126,388,148	may
97,127,149,126,149,143,97,144	some
455,147,455,126,495,127,495,148	very
236,127,339,126,339,141,236,141	calculations
13,143,13,123,91,126,91,146	although
391,125,433,124,433,144,391,144	take
156,142,156,127,172,127,172,142	of
497,123,541,121,542,146,498,148	ylong
177,143,177,124,229,124,229,143	these
545,124,590,123,591,143,545,144	time
488,115,488,95,525,96,524,116	any
529,112,529,95,598,95,598,112	calculat
412,96,483,94,483,113,412,115	perform
308,96,381,95,381,112,308,113	possible
223,111,223,94,283,95,283,111	makes
74,117,74,93,132,93,132,117	;Usings
30,112,30,96,50,96,50,112	or
134,94,180,93,180,112,135,113	such
183,92,220,91,220,112,184,113	bits
513,65,548,64,548,81,513,82	can
12,65,101,64,101,82,12,83	computer
455,82,455,62,509,62,509,82	which
262,65,359,63,359,78,263,79	information
239,79,239,65,255,65,255,79	of
553,81,553,62,600,62,600,81	have
197,80,197,62,233,63,233,81	unit
143,81,144,62,194,62,194,82	basic
106,61,139,60,139,81,107,82	the
406,61,447,59,448,80,407,83	""bit"
501,35,596,33,597,51,501,52	operations
11,35,43,34,43,50,11,51	are
260,55,260,32,291,32,291,55	yus,
399,47,399,34,492,34,492,47	calculation
320,34,390,33,390,52,320,52	perform
125,48,125,34,226,34,226,48	understood
46,50,46,32,79,32,79,50	not
233,31,258,30,259,55,234,56	dby
81,53,81,30,120,30,120,53	fully
33,20,33,3,112,4,112,21	quantum
410,3,500,2,501,19,410,19	properties
315,20,315,2,404,2,404,21	enigmatic
118,3,205,2,205,19,119,20	computer
530,21,531,0,600,2,599,23	fquantur
508,5,525,5,525,16,508,16	of
209,18,209,1,273,1,273,18	utilizes
278,18,278,0,310,0,310,18	the
