458,600,458,588,514,589,514,600	space
526,600,526,588,549,588,549,600	an
386,590,399,588,400,597,387,599	of
407,600,407,586,455,586,455,600	outer
266,588,375,587,375,598,266,599	temperature
62,586,133,584,133,598,62,600	dearees
6,600,7,584,56,585,55,600	three
182,600,182,583,225,583,225,600	than
139,600,140,583,178,584,178,600	less
228,583,260,582,261,600,228,600	the
6,572,6,556,55,557,55,573	zero:
234,572,234,554,282,554,282,572	case
322,555,430,553,430,567,322,570	temperature
458,553,514,553,514,570,459,571	minus
116,570,116,552,180,552,180,570	bottom
60,571,60,553,78,553,78,571	at
80,571,80,552,113,552,113,571	the
439,568,441,553,453,554,452,569	is
284,571,284,551,315,551,315,571	the
186,571,187,552,205,553,204,572	of
519,571,520,550,547,551,547,572	27
207,570,208,550,231,551,230,572	fits
484,540,484,523,548,524,548,542	compu
105,538,105,523,258,523,258,538	superconductors.
41,538,41,523,76,523,76,538	use
311,539,312,522,421,522,421,540	temperature
449,520,480,519,481,539,450,540	the
81,538,83,520,102,522,100,540	of
6,520,38,519,39,539,6,540	the
266,518,307,517,308,540,267,541	The
506,493,547,492,548,508,506,508	mea
409,510,409,491,498,491,498,510	approach
314,508,314,491,401,492,401,509	cryogenic
93,492,184,491,184,510,93,511	computer;
8,509,8,491,89,491,89,509	quantum
235,507,236,491,289,492,289,507	chose
189,489,231,487,231,508,190,510	GIBM
477,480,477,461,548,462,548,481	approac
286,477,286,460,319,461,319,477	are
397,461,468,461,468,475,397,475	different
148,476,149,458,212,460,212,477	entails:
323,460,392,460,392,476,323,477	several
95,477,95,458,144,458,144,477	effort
218,477,219,458,283,459,282,479	""There
6,459,52,457,53,477,6,479	what
56,458,89,457,90,477,56,477	this
448,445,448,430,514,431,514,446	answer,
395,429,441,428,441,447,395,447	clear
217,446,217,428,263,429,263,446	them
46,447,47,427,114,430,114,450	already
313,444,314,428,372,430,372,446	avoids
522,446,522,428,548,428,548,446	bu
5,427,42,426,43,447,5,447	has
197,442,197,430,209,430,209,442	of
279,446,279,426,309,426,309,446	Gil
119,426,159,426,159,445,119,446	built
162,446,162,426,188,426,188,446	40
112,410,113,405,122,407,122,411	to
451,400,531,399,531,415,452,417	quantum
288,416,288,397,329,397,329,416	cost
356,414,357,395,428,399,427,417	building
204,414,204,396,250,397,250,415	what
169,415,169,398,201,398,201,415	out
7,415,7,397,60,397,60,415	When
130,397,165,396,166,414,131,415	find
332,414,333,397,352,398,351,415	toff
253,415,253,396,285,396,285,415	the
80,416,80,397,101,397,101,416	try
326,362,327,345,401,345,401,363	isolated
89,346,155,345,155,362,89,364	outside
161,363,161,344,214,344,214,363	world
5,344,49,343,49,363,6,364	from
53,344,84,344,85,362,53,363	the
291,363,291,343,323,343,323,363	tool
256,362,257,343,290,345,289,363	tnot
221,362,221,343,254,343,254,362	but
445,335,445,315,510,315,510,335	system
326,326,336,319,341,325,331,333	to
347,317,420,316,420,332,347,333	produce
209,315,295,314,295,331,209,332	challenge
515,332,515,313,547,313,547,332	that
310,319,310,316,313,316,313,319	the
172,336,172,311,204,311,204,336	big
8,317,121,312,122,327,8,332	environment.
304,329,304,315,316,315,316,329	is
129,310,170,309,171,334,129,335	The
257,284,343,283,343,300,257,300	computer
171,285,250,284,250,300,171,300	quantum
426,303,427,281,470,282,469,305	very
51,284,140,283,140,298,51,299	Therefore
473,299,473,283,544,283,544,300	isolated
348,281,396,280,396,300,348,300	must
4,281,43,280,44,300,5,302	lost.
398,300,398,279,424,279,424,300	be
501,271,502,251,548,253,547,273	fquan
117,269,117,252,182,252,182,269	normal
350,271,350,250,414,250,414,271	unique
7,252,75,251,75,268,8,269	behave
419,271,420,249,473,251,473,273	ability
230,250,266,249,267,268,231,269	and
477,251,499,250,500,269,478,271	of
271,250,310,249,311,268,271,269	thus
314,249,347,248,348,269,315,270	the
187,270,187,248,223,248,223,270	bits,
79,249,112,248,113,269,80,269	like
216,222,263,221,263,241,216,242	goes
370,221,441,220,441,237,370,238	connect
504,240,505,217,548,220,547,243	qubit
88,221,155,219,155,238,89,240	outside
162,238,162,219,212,219,212,238	world
6,239,6,219,49,219,49,239	from
266,238,267,219,323,219,323,239	inside
53,219,84,219,84,238,53,239	the
469,238,469,218,501,218,501,238	the
328,238,328,217,365,219,364,239	and
467,207,468,191,504,192,503,208	can
7,205,8,190,106,191,106,207	connected
216,209,216,189,277,189,277,209	affects
283,206,284,187,380,190,379,209	everything
114,209,114,188,210,189,210,209	everything
509,206,509,188,548,188,548,207	disrup
429,188,465,187,466,208,430,209	this
387,188,426,187,427,207,388,208	and
308,163,400,161,401,175,308,176	processes
460,160,526,158,526,176,460,178	system
406,176,406,160,439,160,439,176	are
47,160,98,159,98,175,47,176	occur
256,176,256,158,301,158,301,176	such
534,172,536,161,546,163,543,174	in
161,177,161,157,216,158,215,178	world
5,176,6,156,44,157,44,177	that
220,176,220,156,253,156,253,176	,but
124,175,124,156,156,156,156,175	the
256,145,256,127,329,127,329,145	delicate
65,128,116,128,116,143,65,143	same
347,144,348,125,422,126,422,146	explains
210,147,210,126,252,127,252,148	very
491,144,491,125,549,125,549,144	utilizes
426,126,460,125,461,144,427,145	Gil:
120,125,162,124,162,144,121,144	time
166,145,166,124,206,124,206,145	also
28,144,28,124,60,124,60,144	the
7,143,7,125,26,125,26,143	at
459,146,460,123,489,124,488,147	Hilt
491,117,491,95,547,96,547,118	comp
408,99,486,97,487,113,408,115	quantum
166,96,258,95,258,113,166,114	expensive
264,96,346,95,346,113,264,113	business
8,97,116,95,116,111,8,112	complicated
122,113,122,92,161,93,161,114	and
354,91,403,91,403,115,355,115	""The
181,75,181,72,184,72,184,75	in
179,75,179,72,182,72,182,75	-
182,74,185,71,188,73,184,76	(
41,85,41,64,83,65,83,86	very
6,66,38,65,38,81,7,82	are
435,82,435,64,496,64,496,82	makes
88,84,88,64,169,64,169,84	sensitive
271,82,271,65,365,65,365,83	influences,
199,80,200,64,264,65,264,81	outside
374,65,428,63,429,81,375,83	which
177,79,178,65,191,66,190,80	to
500,63,546,62,546,80,500,81	buildi
389,35,465,34,465,51,389,52	complex
352,40,357,37,362,46,357,49	is
469,55,469,31,518,33,517,57	xstory
278,34,346,33,346,51,278,52	nature"
168,34,234,34,234,50,168,50	behave
7,35,85,33,85,51,8,53	machine
131,51,131,32,162,32,162,51	will
91,33,128,32,128,51,91,51	that
520,32,549,31,549,51,521,52	like
238,31,272,30,273,51,239,53	like
382,6,444,5,445,19,382,19	seems.
156,6,206,5,206,20,156,21	more
523,19,523,5,548,5,548,19	OU
212,6,312,4,312,20,212,22	pretentious
472,20,472,3,518,3,518,20	turns
52,19,52,2,130,3,130,20	ambition
318,20,318,2,359,2,359,20	than
7,2,47,1,47,19,7,20	This
