198,600,198,588,222,588,222,600	as
352,599,352,587,484,587,484,599	community
251,599,251,584,341,585,340,600	farmina
59,600,59,583,188,586,187,600	beainning
497,600,498,581,589,584,588,600	Bevond
323,565,323,545,361,546,360,566	ness
271,565,271,544,324,544,324,565	witne
448,563,448,544,534,544,534,563	monied
193,564,193,543,264,543,264,564	borne
57,542,125,541,125,565,58,566	barns
398,566,398,541,441,542,440,566	the
130,565,130,541,189,541,189,565	have
541,542,577,541,578,565,542,566	ski
366,564,366,542,392,542,392,564	to
218,506,291,505,291,525,218,526	resort
489,505,595,505,596,526,489,526	southern
295,504,356,503,357,526,296,526	town
86,525,87,503,187,505,187,528	Zermatt,
362,525,362,502,450,504,450,528	located
435,489,435,466,542,467,542,489	country's
296,486,296,465,425,467,425,488	landlocked
247,488,247,464,291,464,291,488	the
161,465,241,464,241,487,161,488	freckle
548,492,548,462,599,463,598,493	high
107,464,154,463,155,487,108,488	still
59,486,59,464,103,464,103,486	and
393,449,393,428,560,429,560,450	(grain-storage
302,448,302,425,385,427,385,449	stadels
568,448,568,426,598,426,598,448	ba
138,448,138,426,294,427,294,449	centuries-old
56,426,132,424,133,448,57,450	These
476,363,588,362,588,384,477,384	transport
234,384,235,362,372,362,371,385	contraption
59,386,59,361,226,361,226,386	toboggan-like
380,358,439,357,439,383,380,384	used
441,383,441,358,470,358,470,383	(to
558,345,558,325,600,325,600,345	we
308,325,366,324,366,345,308,345	were
373,323,491,322,491,343,373,343	festooned
210,322,300,321,301,344,210,345	facades
499,346,499,321,551,321,551,346	with
437,309,437,282,504,283,503,310	lpeak.
293,285,432,281,432,306,293,310	pyramidical
551,283,598,282,599,305,552,305	clos
508,305,508,283,547,283,547,305	On
210,305,210,282,285,282,285,305	famed
432,266,432,243,547,245,547,267	meadows,
258,264,258,245,425,247,425,266	flower-strewn
556,267,556,243,600,243,600,267	franchis
209,267,209,243,251,243,251,267	the
405,230,406,208,455,210,454,231	sun,
542,205,599,203,600,232,542,234	dpitch
460,206,537,204,538,227,460,228	stilted
211,226,211,206,314,207,314,227	lackened
357,229,357,203,401,203,401,229	the
323,232,323,203,353,203,353,232	by
243,112,345,111,345,143,243,144	entire
353,140,353,111,588,112,588,141	communities.
59,145,59,113,233,113,233,145	sustained
185,54,389,53,389,82,185,83	destination,
55,84,57,44,178,50,176,91	hiking
398,88,399,45,598,48,597,91	,ingeniously
457,28,457,0,544,0,544,28	Alps
346,22,346,1,450,1,450,22	SWISS
162,1,272,0,273,21,162,22	beiore
57,30,57,0,155,0,155,32	Long
280,24,280,0,342,0,342,24	the
549,25,549,0,600,0,600,25	be
