179,411,179,408,182,408,182,411	-
104,398,187,397,187,415,104,416	https.//
185,416,185,396,454,398,454,417	/metainfrahardware.com
148,383,148,363,193,363,193,383	CANEFUL
449,380,449,362,487,363,487,381	our
198,363,248,362,248,380,198,381	view
338,362,414,361,414,379,338,380	models
255,380,255,361,330,361,330,380	AR/VR
560,382,560,361,600,361,600,382	than
101,360,146,359,146,382,102,383	You
491,361,556,360,556,380,491,381	latest
420,382,420,360,445,360,445,382	of
371,307,371,289,418,290,418,308	new
325,290,366,288,367,307,326,308	our
479,307,479,290,562,290,562,307	storage
231,306,232,284,320,289,319,311	Canyon,
566,313,568,286,600,289,600,316	esys
156,305,156,288,225,288,225,305	Grand
421,287,473,286,474,305,422,307	HDD
154,270,155,252,198,254,197,272	Our
419,272,420,252,504,253,504,273	Cooling
510,277,511,249,588,250,588,277	(AALC)
204,253,338,252,338,271,205,272	Air-Assisted
344,274,345,247,414,248,414,274	Liquid
133,233,133,223,147,223,147,233	O
178,239,178,219,227,219,227,239	new
232,218,290,216,291,237,233,239	more
160,231,160,221,167,221,167,231	A
506,238,507,216,568,218,567,241	Open
391,217,472,216,472,237,392,237	version
298,236,298,216,383,216,383,236	efficient
569,239,570,215,600,216,599,240	Rob
478,238,479,215,503,216,502,239	of
328,183,376,181,377,201,329,203	new
104,184,198,182,198,199,104,201	advance
237,184,323,183,323,202,237,203	support
410,203,410,180,557,181,557,204	Itechnologies:
380,181,406,180,407,201,380,201	IAI
204,203,204,179,234,179,234,203	etos
313,149,360,147,361,167,313,169	new
223,167,224,146,307,148,307,168	sharing
171,148,218,147,218,167,171,167	also
500,168,501,146,600,147,599,170	designed
366,165,366,146,493,147,493,166	innovations
103,146,166,146,166,166,103,167	We're
197,74,256,73,256,92,197,94	scale
370,73,482,72,482,89,370,90	contribute
314,93,314,71,363,71,363,93	we'll
140,92,140,72,166,72,166,92	All
102,93,102,72,136,72,136,93	for
260,71,309,70,310,92,261,93	that
165,72,194,71,195,93,166,94	lat
516,70,556,69,557,93,517,95	the
487,93,487,70,514,70,514,93	eto
546,57,547,39,599,41,599,59	gran
408,58,409,37,540,39,540,60	announcing
344,58,344,38,402,38,402,58	we're
279,58,280,35,339,37,338,60	2022
191,39,271,38,271,55,191,56	Summit
133,59,133,36,188,37,187,60	OCP
102,57,102,37,129,37,129,57	At
