0,416,0,400,54,400,54,417	.com
48,380,49,362,87,363,86,381	our
1,366,11,363,15,376,5,379	Is
277,381,277,360,362,361,361,382	designs
161,380,162,361,270,361,270,381	hardware
91,379,91,360,155,360,155,380	latest
21,381,21,360,46,360,46,381	of
366,382,367,358,401,359,401,383	at
2,292,16,291,18,305,3,306	W
171,309,171,289,249,289,249,309	system.
78,308,78,289,163,289,163,309	storage
22,286,73,284,74,306,22,307	HDD
214,272,214,250,291,252,291,274	design
21,272,21,250,104,252,104,274	Cooling
110,274,111,249,189,250,189,276	(AALC)
171,239,171,216,238,216,238,239	Rack
107,239,107,216,168,217,168,240	Open
3,219,72,217,72,235,4,237	ersion
77,237,79,215,104,217,102,239	of
10,182,156,181,157,200,10,201	technologies:
392,148,475,148,475,166,392,167	centers
480,168,480,148,510,148,510,168	as
333,166,333,148,387,148,387,166	data
239,147,327,146,327,168,239,169	support
2,166,2,147,94,147,94,166	ovations
512,170,513,144,565,147,564,172	they
100,145,202,144,202,168,100,169	designed
208,167,208,144,235,144,235,167	to
217,93,218,71,339,74,339,96	community
159,94,159,71,214,72,214,94	OCP
2,75,82,73,82,91,3,93	tribute
116,94,117,69,157,70,157,95	the
87,93,87,70,114,70,114,93	eto
296,58,296,41,335,41,335,58	our
529,38,597,37,598,61,529,62	platfor
340,38,522,37,522,57,340,58	next-generation
223,58,223,38,289,38,289,58	Teton
146,37,217,36,217,58,146,59	Grand
8,58,9,37,140,38,140,59	announcing
