479,579,479,560,590,560,590,579	comprises
407,560,472,559,472,580,407,581	which
179,560,272,559,272,579,179,580	contrast
63,560,145,559,146,580,63,581	chassis
307,581,307,557,403,557,403,581	Zion-Ex
276,578,277,558,302,559,301,579	to
150,557,172,557,172,580,150,580	in
473,528,545,527,545,548,473,549	power
550,526,600,526,600,545,550,546	enve
124,544,124,526,214,526,214,544	network
221,543,222,523,341,526,341,545	bandwidth,
61,526,116,524,117,544,62,545	data
349,546,349,522,397,522,397,546	and
431,546,431,523,469,523,469,546	the
400,546,400,523,428,523,428,546	2xt
152,509,152,493,292,493,292,510	predecessor,
417,510,418,491,445,492,445,511	as
358,510,358,491,412,491,412,510	such
62,510,62,491,113,491,113,510	over
523,510,523,487,599,488,599,511	host-to
480,489,520,488,521,510,481,511	the
446,512,447,487,479,488,478,513	4x
298,510,299,488,353,490,352,512	Zion
117,510,117,487,146,487,146,510	its
204,475,204,457,240,457,240,475	our
63,457,168,456,168,474,63,475	follow-up
344,457,439,455,440,473,344,476	platform
523,456,587,455,587,474,523,475	Teton
447,474,447,452,519,454,519,475	Grand
247,475,247,453,338,453,338,475	Zion-Ex
174,475,174,453,198,453,198,475	to
509,442,509,421,598,422,598,443	t-genero
418,421,458,421,459,441,419,442	our
345,441,345,419,414,422,413,444	Teton,
132,438,133,420,262,423,262,441	announcing
462,441,462,419,515,420,514,441	next-
268,419,340,418,340,439,268,441	Grand
63,440,63,420,125,420,125,440	We're
65,356,176,354,176,382,65,383	Grand
360,357,516,353,516,382,361,386	platform
186,354,301,351,301,383,186,385	Teton:
308,384,309,350,355,352,353,386	:Alph
298,279,353,278,353,302,298,303	push
124,283,240,281,240,299,124,300	challenges
62,277,117,277,117,298,62,299	wide
476,296,477,276,548,277,548,297	future
246,277,295,275,296,299,246,301	sand
434,277,473,276,474,299,434,300	the
355,299,356,276,384,278,383,300	Ali
386,276,429,275,429,298,386,298	linto
473,264,473,244,574,244,574,264	releasing
407,264,407,244,466,244,466,264	we're
263,246,382,245,382,264,263,266	framework
67,246,156,246,156,260,67,261	machine
165,266,165,243,255,244,255,267	learning
463,212,511,212,511,229,464,230	new
405,228,406,210,459,212,458,229	even
517,227,518,208,597,212,596,231	develop
239,228,240,209,345,212,345,230	efficiently
174,210,231,209,232,229,174,230	more
65,210,140,210,140,228,65,229	handle
353,208,400,207,401,229,354,231	and
145,229,145,208,171,208,171,229	All
443,177,516,175,516,196,443,198	power
568,196,568,175,600,175,600,196	Iraq
326,195,326,174,406,174,406,195	Imodels,
206,174,290,173,290,194,206,195	running
155,196,155,172,202,172,202,196	gand
64,196,64,173,150,173,150,196	training
518,174,565,173,565,194,519,195	and
297,194,297,173,321,173,321,194	JAI
412,195,412,172,440,172,440,195	,to
63,139,148,138,148,159,63,160	centers
523,162,523,139,583,140,583,163	,large-
244,160,245,138,306,140,305,162	Meta,
182,160,182,139,239,139,239,160	meet
405,159,406,136,516,139,516,161	industry's,
312,159,312,138,358,138,358,159	,and
361,159,362,136,401,137,400,160	the
152,138,177,135,180,158,154,161	stor
515,127,515,106,556,106,556,127	your
138,126,138,104,206,104,206,126	years
556,127,556,103,599,103,599,127	rjour
426,123,427,104,509,105,509,124	sharing
361,104,421,102,422,124,361,125	we're
268,123,268,104,353,104,353,123	Summit,
210,102,265,101,266,125,211,126	OCP
93,125,93,102,135,102,135,125	this
60,124,61,102,91,103,90,125	At
249,49,249,32,293,33,293,50	can
405,51,405,30,503,31,503,52	zettaflop
64,35,193,32,194,48,65,52	parameters
536,50,537,28,598,31,597,53	fcomp
299,33,375,29,376,49,300,53	require
199,50,199,28,246,28,246,50	and
509,50,509,29,533,29,533,50	of
486,17,487,0,590,0,589,18	example,
342,16,342,0,447,1,447,18	(DLRMS),
449,0,483,0,484,16,449,17	;TOR
