441,561,571,561,571,578,441,578	subsystems.
199,579,199,560,285,561,285,580	multiple
79,579,79,561,189,561,189,579	comprises
291,580,291,559,434,560,434,581	independent
7,560,71,559,72,580,7,580	which
73,527,146,526,146,549,73,550	power
407,525,456,524,456,546,407,547	also
340,544,340,525,403,525,403,544	Teton
151,545,151,524,255,526,255,548	envelope.
504,545,505,524,537,525,536,546	sani
539,547,540,523,599,524,598,548	integ
458,524,501,522,502,545,459,546	has
261,546,261,523,334,523,334,546	Grand
29,547,29,522,70,522,70,547	the
1,546,1,523,28,523,28,546	2x
480,512,480,491,577,491,577,512	compute
18,492,44,491,45,509,19,510	as
278,491,396,490,396,507,278,508	bandwidth
124,490,269,489,270,509,124,510	host-to-Gpu
405,511,405,489,434,489,434,511	;2x
81,510,81,488,120,488,120,510	the
436,512,436,487,476,487,476,512	the
48,512,48,488,80,488,80,512	4xt
0,475,0,458,42,458,42,475	prm.
485,473,485,456,596,458,596,474	enhancem
240,476,240,455,327,456,327,477	multiple
334,458,476,456,477,474,335,476	performance
190,453,235,452,235,476,191,477	has
123,455,186,453,187,474,124,476	Teton
47,474,48,452,119,453,118,475	Grand
508,444,508,421,598,421,598,444	platform
18,441,18,422,59,422,59,441	our
110,421,247,420,247,441,110,442	t-generation,
394,439,394,421,501,421,501,440	hardware
62,441,62,420,117,420,117,441	next-
256,421,386,420,386,438,256,440	GPU-based
1,355,117,352,118,383,2,386	atform
0,279,30,278,31,299,0,300	nto
76,277,151,277,151,298,76,298	future
34,277,73,276,74,298,34,299	the
181,267,181,245,239,245,239,267	jopen
73,263,74,243,174,245,173,266	releasing
8,244,67,243,68,264,8,264	we're
525,263,525,243,595,243,595,263	indust
244,243,373,242,373,264,244,264	innovations
461,243,521,241,521,263,461,265	solve
407,267,408,242,457,243,457,267	help
377,263,378,241,405,242,404,265	stop
434,229,434,211,475,212,474,230	our
63,230,63,212,111,212,111,230	new
4,229,4,212,59,212,59,230	even
333,230,333,209,427,209,427,230	PyTorch
480,212,585,210,585,226,480,229	signature
279,229,279,207,327,208,327,230	with
117,228,117,207,273,208,273,229	developments
45,196,45,176,115,176,115,196	power
443,195,443,176,481,176,481,195	our
544,196,545,173,597,174,596,197	center
486,193,486,174,540,174,540,193	data
388,196,388,172,439,173,439,197	help
226,175,352,174,352,190,226,191	innovations
169,195,169,173,220,173,220,195	rack
120,195,120,173,166,173,166,195	and
359,195,359,172,386,172,386,195	stop
14,195,14,172,41,172,41,195	,to
425,162,425,141,474,141,473,163	new
287,141,356,139,356,158,287,160	needs.
479,141,582,139,583,158,479,160	platforms
125,140,251,139,251,158,125,159	large-scale
6,158,6,139,114,139,114,159	industry's,
362,159,362,138,421,138,421,159	From
257,158,257,137,282,137,282,158	All
554,124,554,107,595,107,595,124	our
116,127,116,106,154,106,154,127	our
280,106,316,105,316,125,281,126	we
247,107,277,104,279,126,249,128	as
453,106,549,104,549,124,454,126	enhance
156,128,156,103,243,103,243,128	journey
320,106,415,104,416,123,320,125	continue
27,124,28,105,110,106,110,125	sharing
423,121,423,104,445,104,445,121	to
138,30,231,29,232,48,138,49	compute
5,49,6,28,103,31,102,51	zettaflop
270,49,270,29,325,29,325,49	train
240,30,264,30,264,49,240,49	to
108,51,108,28,134,28,134,51	of
191,15,191,0,247,0,247,15	have
87,17,87,0,187,2,187,19	example,
477,1,585,0,585,11,477,12	Ottrillions
424,12,424,0,472,0,472,12	tens
328,0,390,0,390,12,328,13	order
286,0,324,0,325,13,286,15	the
250,15,250,0,285,0,285,15	on
47,17,47,0,83,0,83,17	;TOR
394,14,394,0,421,0,420,15	POT
0,17,0,0,47,0,47,19	MS),
