41,580,41,561,172,561,172,580	subsystems.
0,561,35,560,36,579,0,581	ent
104,526,138,526,138,546,104,547	sani
9,526,55,525,56,545,9,546	also
141,546,141,525,260,525,260,546	integrated
60,546,60,525,101,525,101,546	has
183,510,183,490,229,490,229,510	and
79,491,178,491,178,511,79,512	compute
37,509,37,490,76,491,75,511	the
6,511,6,489,34,490,34,512	2x
4,473,4,459,77,461,77,475	mance
85,458,248,456,249,472,85,474	enhancements
197,428,197,426,199,426,199,428	-
108,420,206,419,207,441,108,442	platform
1,422,101,422,101,439,1,439	nardware
126,262,126,242,220,246,219,266	industry-
7,266,7,243,58,244,57,267	help
63,263,63,245,120,245,120,263	solve
34,229,34,211,74,212,74,229	our
81,228,81,208,187,211,186,231	signature
0,230,0,207,33,208,32,232	ch,
43,194,43,177,82,177,82,194	our
146,175,231,174,231,194,146,195	centers
87,193,88,174,140,175,140,194	data
1,198,2,173,40,173,40,198	elp
27,143,72,143,72,158,27,159	new
1,160,1,141,23,142,22,160	mi
79,142,182,140,183,157,80,159	platforms
188,159,188,138,223,139,223,160	for
153,123,154,107,193,108,193,124	our
0,123,0,106,18,106,17,124	ie
198,124,198,104,252,104,252,124	data
54,122,54,106,148,107,147,123	enhance
20,102,48,101,49,124,21,125	toe
107,12,107,2,185,3,185,13	trimons
25,13,25,1,72,1,72,13	tens
0,14,0,0,21,1,20,15	OT
76,0,104,0,105,13,76,14	COTT
189,14,189,0,217,0,216,15	SOT
