587,596,588,589,594,590,593,597	S
360,582,453,581,453,598,361,600	previous
145,584,254,582,254,597,145,598	compared
552,598,553,582,580,584,579,600	90
460,582,543,581,543,599,460,600	model's
264,600,264,580,310,581,310,600	with
314,600,314,579,355,579,355,600	the
549,547,598,546,598,566,549,567	back
459,566,460,545,543,547,542,567	battery
312,566,313,546,346,547,345,567	san
214,566,214,546,308,546,308,566	features
164,566,164,546,210,546,210,566	also
351,547,452,547,452,565,351,566	improved
145,556,145,549,155,549,155,556	it
141,476,213,473,214,493,142,496	power
568,490,569,472,598,474,597,492	lac
366,490,366,472,434,472,434,491	needs
220,490,220,472,358,474,358,493	transmission
467,490,467,471,534,471,534,490	future
439,471,464,471,464,492,439,492	soft
540,491,540,470,564,470,564,491	All
184,450,184,447,188,447,188,450	the
141,457,141,439,174,439,174,457	on
544,457,544,435,598,436,598,458	/rack
382,437,470,436,470,457,383,458	support
196,458,196,435,264,435,264,458	single
477,437,540,436,540,455,477,456	30KW
267,437,346,436,346,455,267,455	busbar
350,457,351,432,380,433,379,458	rtos
577,420,577,405,599,405,599,420	PC
519,421,519,402,571,402,571,421	rack
343,420,343,401,430,402,430,420	enables
437,421,437,401,514,401,514,421	flexible
270,400,335,398,335,421,271,423	which
208,400,266,400,266,424,209,425	rack,
167,400,206,399,207,421,168,422	the
141,421,141,399,163,399,163,421	in
228,367,298,366,298,387,228,388	power
559,385,559,366,600,366,599,386	bus
142,384,142,365,221,367,220,386	ORV3's
411,384,411,365,484,365,484,384	bolted
302,386,302,365,358,365,358,386	shelf
516,365,556,364,556,387,517,388	the
361,387,361,365,408,365,408,387	fisn't
490,384,492,365,513,366,511,385	to
142,294,230,292,230,311,143,312	support
349,291,419,290,419,311,349,312	Teton
273,311,273,289,344,290,343,312	Grand
234,312,235,289,269,290,268,313	for
505,278,505,258,595,258,595,278	supporti
142,259,214,258,214,279,143,280	power
380,260,469,258,469,275,380,276	capable
218,277,218,257,373,257,373,277	infrastructure
475,277,475,256,502,257,501,278	of
551,234,551,231,554,231,554,234	I
222,244,222,223,290,223,290,244	needs,
142,223,216,223,216,244,142,245	center
297,246,298,221,362,222,361,248	Open
569,223,596,223,597,240,570,241	de
461,246,461,220,540,221,540,246	(ORV3)
364,244,365,220,423,221,423,244	Rack
425,243,426,219,457,221,456,244	<V3
549,238,550,223,559,223,558,239	is
366,207,367,187,431,188,431,208	entire
144,187,279,185,279,204,144,206	architecture
436,206,437,185,529,187,529,208	industry
571,206,571,186,597,186,597,206	bri
535,186,568,183,570,207,538,210	Tolo
323,208,323,185,362,185,362,208	the
285,208,285,185,319,185,319,208	for
414,176,414,151,477,151,477,176	Open
371,174,371,152,410,152,410,174	our
543,171,543,152,597,152,597,171	hard
261,171,261,152,338,152,338,171	edition
480,151,537,151,538,172,481,173	Rack
191,172,191,151,257,151,257,172	latest
344,172,344,151,368,151,368,172	of
141,173,141,150,187,150,187,173	The
141,122,141,94,217,95,216,123	Open
222,96,289,94,289,118,223,119	Rack
293,118,294,92,331,93,331,119	<V3
320,37,433,34,434,61,321,64	power
445,61,445,34,595,35,595,62	innovation
142,33,236,32,236,64,143,65	Rack
244,64,245,31,315,34,314,67	and
