558,275,560,253,600,256,598,278	sap
365,253,425,251,425,271,365,272	when
530,273,530,251,560,251,560,273	Yas
431,272,432,250,527,252,526,274	installed
294,271,294,249,360,249,360,271	30kW
191,251,289,249,289,272,191,274	provides
141,272,141,249,189,250,189,274	and
300,220,370,219,370,235,300,236	power
575,237,575,219,600,219,600,237	our
484,217,569,217,569,239,484,240	backup
377,216,432,215,432,237,377,238	shelf
142,216,203,215,204,236,142,237	shelf.
257,236,258,216,296,218,295,237	the
205,214,252,214,253,237,205,238	Like
438,236,438,214,480,214,480,236	,this
572,192,572,190,574,190,574,192	the
571,193,572,188,576,189,575,193	a
564,194,564,188,571,188,571,194	I
558,191,558,187,561,187,561,191	I
141,182,259,181,259,203,141,204	compared
461,199,461,182,544,183,544,200	model's
262,182,309,181,309,200,262,201	with
315,201,316,180,353,182,353,202	the
357,180,455,178,455,201,358,203	previous
312,167,312,147,346,147,346,167	sani
460,165,460,144,544,146,543,167	battery
164,166,164,146,210,146,210,166	also
549,145,600,144,600,167,549,167	back
215,166,215,145,309,145,309,166	features
349,146,453,143,454,164,350,167	improved
142,76,213,74,214,93,143,95	power
569,74,598,73,599,93,569,93	lac
366,92,366,72,434,73,434,93	needs
219,72,360,71,360,92,219,93	transmission
539,91,540,71,566,72,566,92	All
468,72,535,72,535,91,468,91	future
437,71,464,71,464,92,438,93	off
141,56,142,39,172,40,172,57	on
546,57,546,37,596,37,596,57	rack
198,58,198,36,261,36,261,58	single
382,38,470,37,471,57,382,58	support
267,37,347,36,348,55,268,56	busbar
477,56,477,35,542,35,542,56	30kW
352,36,379,34,380,56,353,57	rto
579,18,579,6,599,7,599,19	co
209,20,210,0,267,3,266,23	rack,
520,21,520,2,571,2,571,21	rack
272,3,336,2,336,21,272,22	which
439,20,439,2,515,3,515,21	flexible
343,1,430,1,431,21,343,21	enables
168,2,206,2,206,21,168,22	the
141,1,165,0,165,21,142,22	int
