130,272,131,251,161,252,160,273	das
0,271,0,251,28,252,27,272	eni
184,251,232,250,233,273,184,274	pair.
31,251,127,250,127,271,31,273	installed
306,215,421,215,421,239,306,240	anywhere
85,237,85,218,169,218,169,237	backup
491,237,491,216,543,216,543,237	rack
450,236,450,217,488,217,488,236	the
223,236,223,216,301,216,301,236	installs
175,236,175,215,218,215,218,236	unit
546,216,580,215,580,236,547,237	for
38,215,80,214,80,236,38,236	,this
1,237,3,213,36,215,35,239	elf,
422,237,422,214,448,215,447,237	int
411,184,482,183,482,202,411,202	power
185,201,185,182,281,183,281,202	seconds,
156,186,177,186,177,198,156,198	90
487,202,487,181,583,182,583,204	capacity
63,200,63,182,144,182,144,201	model's
338,201,338,181,385,181,385,201	with
287,202,287,181,335,181,335,202	and
0,183,54,180,55,200,1,203	vious
550,166,550,146,596,146,596,166	four
417,169,417,143,517,145,517,171	capacity
375,166,375,146,414,146,414,166	the
149,166,149,144,235,146,235,169	backup
60,166,60,146,143,148,143,167	battery
1,165,1,146,54,146,54,165	oved
291,169,292,146,370,146,370,169	upping
238,168,238,144,289,145,288,169	unit,
521,145,546,143,548,167,522,168	to
0,93,0,71,36,72,36,93	eds
169,74,312,73,313,91,170,93	accelerators.
67,71,135,71,135,91,67,92	future
139,72,166,71,167,92,140,93	CAI
37,93,37,70,64,70,64,93	off
590,44,590,42,592,42,592,44	I
588,43,588,41,589,41,589,43	I
146,59,146,35,212,36,212,59	racks,
1,39,69,36,70,54,2,57	upport
486,37,574,35,575,56,486,58	support
366,57,366,35,438,37,438,59	output
218,37,276,36,277,55,218,55	while
77,56,77,35,142,35,142,56	30KW
283,53,283,34,361,36,360,56	48VDC
444,36,482,35,482,55,444,55	will
586,45,586,38,596,38,596,45	the
532,4,575,3,575,20,532,21	can
120,3,171,2,171,20,121,22	rack
444,20,444,2,528,3,528,21	shelves
178,22,178,2,345,2,345,22	configurations.
347,22,347,2,438,2,438,22	Multiple
39,20,39,1,115,1,115,21	flexible
0,22,0,0,32,0,32,22	les
