297,390,298,366,352,370,350,393	2023.
55,373,171,370,171,389,56,392	companies
178,391,179,368,266,370,265,393	offerings
13,390,13,369,52,369,52,390	two
271,369,291,369,291,390,271,390	in
97,352,97,328,178,329,178,353	ongoing
185,329,237,327,238,348,186,350	effort
4,330,88,329,88,349,4,349	Jaspers
351,331,435,329,435,346,352,348	Outwrite
443,348,443,328,502,328,502,348	brand
311,349,311,327,346,327,346,349	the
267,349,267,327,307,327,307,349	fold
243,347,243,329,262,329,262,347	to
331,288,405,287,405,304,331,305	Coatue
0,310,0,286,70,286,69,311	Capital,
76,307,76,287,174,287,174,307	Founders
413,287,452,287,452,307,413,307	and
245,308,245,285,323,286,323,309	Capital
180,306,180,287,240,287,240,307	Circle
195,249,316,246,316,265,195,268	participation
380,264,380,248,483,250,482,266	Bessemer
55,248,139,247,139,264,55,265	Partners
146,247,188,246,189,266,146,266	with
0,269,0,246,47,246,47,269	sight
325,266,325,245,371,245,371,266	from
29,223,29,206,122,206,122,224	customer
0,225,0,207,23,207,23,225	he
383,225,384,204,469,204,469,226	Jaspers
131,205,240,204,241,222,131,224	experience
249,204,288,203,289,224,250,224	and
295,224,295,202,377,205,376,227	bringing
461,164,495,163,495,183,461,184	out
1,163,62,163,62,183,1,183	crunch
300,164,368,163,368,181,300,182	toward
258,163,294,162,295,187,258,187	put
377,184,377,163,455,164,455,185	building
108,182,108,161,185,163,184,184	funding
189,164,224,162,225,182,190,184	will
69,183,69,162,104,162,104,183	the
227,162,254,160,256,182,229,185	lbe
0,121,0,101,53,101,53,121	wide
234,64,327,63,327,84,234,85	grammar
432,82,432,61,514,61,514,82	checker
38,83,38,61,109,62,109,84	startup
378,83,378,61,425,61,425,83	style
333,61,374,60,374,81,333,82	and
115,80,115,61,201,61,201,80	Outwrite
0,62,33,59,35,81,0,84	GAI
462,39,462,22,486,23,486,40	as
388,22,454,21,454,38,388,39	comes
215,39,216,19,331,21,331,41	remarkably
342,19,382,19,382,38,343,39	and
165,39,166,18,208,19,208,40	first
50,19,159,18,159,41,50,41	company's
11,39,11,18,45,18,45,39	the
