76,383,209,382,209,397,76,397	advancements,
458,383,568,383,568,397,458,398	accelerators
377,383,450,381,450,400,378,402	coupled
308,400,309,379,373,381,372,402	closely
220,397,221,382,301,384,301,399	including
1,398,1,381,38,381,38,398	ities
572,399,573,379,600,380,600,400	for
40,380,69,379,70,399,41,400	for
170,360,170,358,172,358,172,360	:
368,352,492,352,493,368,368,368	Ranganathan
549,351,599,350,599,368,549,369	There
21,352,98,349,98,369,21,371	systems.
260,368,260,349,351,351,350,370	beginning,
223,349,256,349,257,369,224,369	the
180,372,180,348,220,348,220,372	only
109,349,156,348,156,368,110,369	This
498,367,499,347,543,350,542,370	said.
159,368,159,349,177,349,177,368	is
257,337,257,321,298,322,297,338	new
482,321,540,320,540,337,482,337	center
304,321,389,320,389,335,304,336	hardware
435,337,435,319,476,319,476,337	data
135,322,247,320,247,334,135,336	accelerators,
544,319,598,318,599,337,544,338	rinfrast
1,321,128,319,128,335,1,337	custom-silicon
395,319,432,318,432,337,395,337	and
275,301,275,296,285,297,284,302	to
571,300,571,296,574,296,574,300	I
0,291,22,290,23,307,0,308	he
489,291,558,290,558,305,489,306	number
27,289,117,288,117,305,27,306	explained
293,306,293,288,344,288,344,306	these
165,290,263,288,263,305,165,307	responded
426,305,426,288,465,288,465,305	with
349,288,421,287,421,305,349,306	realities
125,288,161,288,161,306,126,307	has
569,301,569,291,577,291,577,301	of
1,251,1,237,76,238,76,252	ormance,
86,238,143,237,144,253,86,254	power
149,253,149,235,264,236,264,253	consumption
434,251,435,235,504,236,503,252	storage
314,252,314,234,388,235,388,253	memory
509,251,509,234,550,234,550,251	cost
272,252,272,234,310,234,310,252	and
554,252,554,234,600,234,600,252	efficienc
393,232,431,232,431,252,394,253	and
0,224,0,202,24,204,23,226	ng
277,219,277,202,351,202,351,219	resulted
130,222,130,202,173,202,173,222	Law
423,219,423,202,522,202,522,220	substantial
528,221,528,201,600,201,600,221	improve
178,202,232,201,232,221,178,221	which
53,219,53,202,124,202,124,219	Moore's
29,204,45,203,46,219,30,219	of
236,201,273,200,273,220,237,221	has
378,221,378,200,418,200,418,221	less
359,219,359,202,374,202,374,219	in
2,173,75,171,75,190,2,192	growing
531,188,532,171,578,172,578,188	meet
445,188,445,172,501,172,501,188	efforts
225,173,266,172,266,189,225,189	rate.
103,190,103,172,128,172,128,190	an
80,173,99,171,100,188,82,190	at
272,188,272,170,357,171,357,190	However,
134,188,134,172,219,172,219,188	insatiable
394,191,394,169,438,169,438,191	said
507,188,507,170,526,170,526,188	to
361,170,390,167,392,188,363,191	the
42,158,42,142,94,143,93,159	come
0,159,0,141,38,141,38,159	ions
461,141,513,139,514,157,462,159	when
309,142,384,141,384,157,310,158	systems
519,157,519,141,593,141,592,157	demand
206,142,279,140,280,156,207,158	moment
140,141,199,140,200,159,140,161	pivotal
389,158,390,137,457,141,456,162	design
99,157,99,141,117,141,117,157	at
285,158,285,140,304,140,304,158	in
465,127,465,111,588,111,588,127	Ranganathan
330,126,330,111,457,111,457,126	Parthasarathy
38,124,38,109,123,110,123,125	President
262,126,262,109,324,110,324,127	Fellow
172,125,172,109,257,110,257,126	Technical
130,127,130,108,166,108,166,127	and
0,108,33,107,34,127,1,129	ice
18,57,103,56,103,71,18,72	California.
349,41,349,25,432,28,432,44	company
206,43,207,24,303,25,303,45	'computing,
3,41,3,24,74,25,74,41	trusted"
548,41,548,24,600,25,600,42	during
439,25,542,23,542,40,440,43	announced
122,42,122,23,196,24,195,43	reliable"
79,24,115,23,116,42,80,43	and
313,24,345,23,346,42,313,43	the
455,12,455,1,515,2,515,12	Tuture,
421,1,452,0,452,9,421,10	line
205,4,323,2,324,9,205,11	multiplication
102,10,102,0,159,1,159,11	viston
42,10,42,0,98,0,98,10	anew
549,11,550,0,589,0,589,11	weiser
393,11,393,0,425,0,425,11	you
335,0,393,0,393,10,335,10	seiver
158,1,199,0,199,9,158,11	rota
520,11,520,0,546,0,546,11	as
1,10,1,0,38,0,38,10	uae
