204,385,246,384,246,398,205,399	core
57,383,169,381,169,398,58,400	accelerators
1,400,1,380,52,381,51,400	upled
173,399,173,380,201,381,201,399	for
216,354,246,353,247,368,216,369	are
1,354,93,351,93,368,1,371	ganathan
153,368,154,351,211,352,210,369	There
98,367,98,349,143,349,143,367	said
146,335,146,322,263,323,263,335	infrastructure
81,319,140,318,140,337,81,337	center
35,319,77,319,77,337,35,338	data
0,337,0,319,32,319,32,337	and
0,291,23,291,24,306,0,306	es
88,290,158,289,158,305,88,307	number
27,289,64,288,65,305,27,305	with
188,289,253,287,254,307,188,308	system
161,287,184,286,185,308,162,309	rofs
34,253,35,235,103,236,103,254	storage
108,252,108,234,150,234,150,252	cost
0,252,0,235,31,235,31,252	and
154,235,257,234,257,252,155,253	efficiencies
0,207,17,206,18,219,0,220	s
22,219,23,203,122,204,122,221	substantial
129,220,129,203,258,203,258,220	improvements
45,188,46,172,101,173,101,189	efforts
131,171,178,170,178,189,131,190	meet
224,188,224,172,264,174,264,189	dem
182,189,183,170,220,171,220,190	that
0,190,0,170,40,171,39,191	said,
105,170,128,170,128,190,106,190	stop
230,158,230,143,263,143,263,158	acc
63,142,114,141,114,158,63,158	when
119,142,193,141,193,157,119,158	demand
1,159,2,139,56,142,55,162	lesign,
199,158,199,140,225,140,225,158	for
1,110,59,110,59,129,1,129	arathy
64,126,64,109,191,110,190,127	Ranganathan
239,126,240,109,265,110,265,128	the
195,109,235,109,235,126,195,127	said
0,45,0,25,35,26,34,46	any
148,42,148,24,206,26,206,44	during
40,27,141,27,141,41,40,42	announced
211,42,211,24,241,24,241,42	the
150,9,150,0,188,0,188,10	weir
56,1,116,0,116,11,57,11	tulure,
219,9,219,1,263,1,263,9	enna
121,11,121,0,147,0,147,11	as
22,0,53,0,53,9,22,10	line
191,11,191,0,215,0,215,11	as
0,9,0,0,24,0,24,9	OF
