572,219,572,218,573,218,573,219	-
570,221,570,216,579,216,579,221	a
583,227,583,213,599,213,599,227	ine
421,228,422,209,469,211,468,230	Corp.
501,210,560,207,561,226,502,228	create
318,209,355,208,355,226,319,228	and
260,228,261,208,309,210,308,230	Corp.
171,209,258,209,258,226,171,227	Microsoft
359,226,359,207,417,208,417,226	Nvidia
477,209,500,208,500,227,478,228	.to
307,196,307,180,334,181,334,197	on
406,198,407,180,503,181,503,199	computing
510,180,598,180,598,194,510,195	meanwhil
258,195,258,178,304,178,304,196	work
338,179,402,179,402,196,338,196	trusted
172,198,172,178,255,178,255,198	Googles
258,141,258,123,385,124,385,141	Ranganathan
171,142,171,123,246,123,246,142	beyond
389,141,389,122,433,122,432,141	said
212,110,212,93,292,94,292,110	RedFish,
543,92,580,91,580,109,543,110	and
426,93,463,93,463,109,426,109	root
171,110,171,92,208,92,208,110	and
582,110,583,93,600,94,600,111	stu
489,110,491,90,538,93,537,113	trust,
301,110,301,93,421,93,421,110	standardized
466,111,466,91,488,91,488,111	loft
594,72,594,71,595,71,595,72	Webber's
591,71,591,70,592,70,592,71	-
590,76,590,68,597,68,597,76	IV
282,80,283,60,340,62,340,82	reality
172,79,172,61,223,61,223,79	make
491,62,578,61,578,78,491,79	hardware
410,79,410,61,486,62,486,79	modular
363,61,404,61,404,78,363,78	from
228,79,228,61,261,61,261,79	this
442,33,472,32,473,48,442,48	are
215,33,246,32,247,48,216,49	are
408,48,408,32,438,32,438,48	we
251,47,252,31,319,32,319,48	sharing
534,32,571,31,572,47,534,47	with
360,47,360,32,404,32,404,47	work
325,49,325,30,355,30,355,49	the
171,47,172,29,212,30,211,48	"We
477,47,478,29,530,34,529,52	doing
578,48,578,29,599,29,599,48	all
