0,212,32,211,32,226,0,227	are
36,210,82,209,82,227,36,227	Root
167,227,167,209,222,209,222,227	called
109,228,110,209,161,211,161,229	Trust
225,228,226,207,302,209,301,230	Caliptra.
505,208,566,208,567,224,505,224	recedes,
472,209,501,209,502,223,472,223	tide
435,209,468,209,469,223,435,224	tech
406,209,432,209,432,223,406,224	the
381,224,381,208,404,208,404,224	As
84,207,106,207,107,227,84,228	tof
573,208,592,208,593,224,573,224	all
233,195,235,175,277,180,275,200	Inc.y
0,195,1,178,92,180,92,196	Advanced
155,177,229,177,229,195,156,196	Devices
98,196,98,176,150,176,150,196	Micro
383,186,383,172,452,172,452,186	spending
466,159,466,145,516,146,515,160	survey
572,159,572,145,599,145,599,159	ste
383,158,383,145,430,145,430,158	Latest
432,144,463,144,463,159,432,160	CCIO
520,144,569,143,569,157,520,158	shows
383,118,383,106,445,106,445,118	VMware
448,105,496,103,497,119,449,121	future
145,108,145,92,202,93,201,109	NvMe
4,111,4,93,87,94,87,112	including
91,111,92,91,140,92,139,112	CXL,
208,92,244,91,245,110,208,110	and
550,79,598,78,598,94,550,95	analys
455,79,520,78,520,93,455,95	analysis
523,94,523,79,546,79,546,94	:An
382,92,383,77,450,80,450,95	Breaking
45,81,45,62,168,63,168,82	Imanagement
217,78,217,63,314,63,314,78	OpenBMC
173,78,173,62,210,62,210,78	with
0,79,1,60,42,61,41,80	lized
383,54,383,40,457,40,457,54	collection
209,30,279,30,279,48,209,48	needed
98,48,98,30,205,30,205,48	innovations
1,48,1,31,31,31,31,48	the
35,47,35,30,93,30,92,47	varied
283,30,303,29,304,48,284,49	to
571,14,600,14,600,29,571,30	JANA
382,15,420,14,420,27,382,28	Dave
500,29,500,14,567,15,567,30	Breaking
424,28,424,13,496,13,496,29	Vellante's
