310,308,342,307,343,324,311,325	are
346,309,430,306,431,323,347,325	essential
244,324,244,306,307,306,306,324	cattle)
163,325,164,305,238,307,238,326	family's
23,305,83,305,83,323,24,323	stable
469,323,469,306,582,308,582,324	maintaining
127,323,127,306,161,306,161,323	the
88,305,124,303,125,325,89,327	(for
434,303,466,303,466,325,434,325	lfor
200,277,286,277,286,293,200,293	conserve
524,277,595,275,596,293,524,295	palloza'
291,275,362,274,362,292,292,293	interior
421,293,421,274,480,274,480,293	Inside,
24,293,24,274,71,274,70,293	from
486,293,486,274,520,275,520,294	the
74,293,74,274,109,274,109,293	the
367,274,414,273,415,294,367,294	heat.
159,294,159,273,197,273,197,294	and
113,292,113,273,155,274,155,292	cold
483,246,520,245,521,261,484,262	was
391,246,419,245,420,263,392,264	gon
202,261,203,245,227,246,227,262	crs
24,245,95,241,96,261,25,265	granite,
229,262,229,243,278,243,278,262	slate,
104,261,105,244,197,244,197,261	limestone
527,261,527,242,600,242,600,261	availabl
423,260,423,244,477,244,477,260	which
287,262,287,241,388,243,388,265	depending
552,230,552,214,600,214,600,230	stone
294,230,294,213,383,213,383,230	mountain
24,230,24,211,95,212,94,231	lessens
389,212,452,211,452,229,390,230	winds.
234,213,286,211,287,230,235,232	harsh
135,231,136,210,203,213,202,233	impact
498,211,547,210,547,229,499,230	thick
97,211,133,210,133,230,97,231	the
454,229,454,209,496,210,495,230	And
206,231,207,209,232,210,231,232	tofh
516,198,516,181,557,181,557,198	with
375,181,434,181,435,199,376,199	round
233,203,233,180,319,180,319,203	example,
439,200,439,181,496,181,495,201	shape
324,200,324,180,372,180,372,200	,their
86,182,191,180,191,198,86,200	conditions.
23,199,24,180,81,183,80,202	windy
194,180,230,179,230,199,194,200	For
560,180,598,179,598,198,561,199	few
572,168,573,153,600,154,600,169	emo
300,170,300,152,331,152,331,170	are
334,171,334,151,422,151,422,171	eperfectly
249,171,251,149,297,152,295,174	,they
150,169,151,148,245,151,244,172	simplicity,
427,170,427,149,506,150,505,170	adapted
98,168,98,149,146,150,146,169	their
535,167,535,150,568,150,568,167	the
25,169,25,149,94,150,94,170	despite
508,148,533,146,534,168,510,170	dto
568,122,600,122,600,138,568,138	,wo
505,138,506,120,563,121,563,139	stone,
108,120,141,119,141,137,108,138	are
24,135,24,118,104,120,104,137	Pallozas
241,140,241,118,282,118,282,140	just
407,137,407,119,502,119,502,137	materials:
302,120,375,118,376,135,302,137	handful
192,139,193,116,242,118,241,141	tromj
143,118,189,118,189,135,144,136	built
378,137,379,117,404,118,403,138	loff
284,104,284,90,408,90,408,105	environment
23,89,113,88,114,108,24,109	Perfectly
229,89,278,87,279,105,230,108	their
121,106,121,87,199,89,199,107	adapted
202,107,203,86,229,87,228,107	did
1,8,26,8,26,25,1,25	or
390,23,390,7,477,8,477,24	mountain
28,27,28,4,113,6,112,29	openings
539,27,539,4,600,5,600,27	(Credit
483,22,483,6,536,7,535,24	winds
333,24,333,6,384,6,384,24	harsh
132,6,199,5,199,23,132,24	lessens
239,25,240,3,303,5,303,27	impact
203,23,203,6,236,6,235,24	the
306,26,307,4,331,5,329,28	tofh
