134,572,134,568,137,568,137,572	I
572,563,600,562,600,580,573,581	was
151,584,151,558,209,558,209,584	sync
317,579,318,558,413,560,412,581	seasons
211,558,264,557,264,580,212,580	with
125,579,126,560,144,561,143,580	in
497,556,547,555,548,583,497,584	tjust
417,580,417,557,498,558,497,581	wasn't
270,580,270,556,315,556,315,580	the
28,580,29,554,117,557,116,583	Moving
422,495,487,495,488,516,422,516	warm
153,494,300,492,300,513,153,515	construction
530,515,530,492,600,492,600,515	harne
30,492,144,492,144,517,30,518	ingenious
308,519,308,491,365,491,365,519	kept
491,519,494,489,525,491,523,521	by
369,517,369,489,416,489,416,517	him
102,481,103,453,176,456,175,483	upper
177,456,233,455,234,481,178,482	rpart
414,472,415,455,540,459,540,475	two-storey
546,454,599,453,599,477,546,478	/stab
313,476,314,451,406,454,405,479	family's
54,453,99,452,99,477,55,478	the
266,452,309,451,310,477,267,478	ftheft
235,477,236,452,265,453,264,478	toft
27,477,27,452,50,452,50,477	in
391,441,392,418,428,419,428,442	gonald
149,420,207,419,207,436,149,437	were
535,437,535,417,598,417,598,438	straw
212,416,281,415,282,439,213,441	spent
28,436,28,416,142,417,142,438	Summers
284,438,285,412,389,415,388,441	tsleeping
452,413,497,412,498,436,452,437	bed
502,413,531,413,531,439,502,439	dof
145,402,146,377,189,378,188,403	age
533,399,533,376,584,376,584,399	milk
402,378,491,376,492,397,403,399	learned
300,397,300,376,395,376,395,397	Thomas
227,401,227,374,294,375,294,402	eight,
96,399,96,374,142,376,141,400	the
27,396,27,374,91,376,91,398	From
499,398,499,375,527,375,527,398	to
193,400,193,374,223,374,223,400	of
186,330,186,311,298,313,298,332	livestock
122,332,122,311,179,311,179,333	their
28,309,83,308,84,332,29,334	tend
87,331,88,307,117,308,116,332	(to
297,294,297,275,383,275,383,294	women
218,294,219,272,286,273,286,294	stove,
29,272,132,271,132,294,29,295	shackled
172,295,172,271,214,271,214,295	the
464,294,464,271,507,271,507,294	the
390,293,390,271,459,272,459,294	toiled
569,271,597,270,598,293,570,294	"to
510,294,510,268,566,268,566,294	land
141,294,141,271,166,271,166,294	to
567,259,572,234,600,239,595,265	ape
232,256,233,233,299,236,298,260	cows,
374,234,445,233,445,258,375,259	goats
69,254,69,233,167,234,166,255	children,
305,233,371,232,371,256,305,256	three
500,256,500,233,544,233,544,256	Inot
448,256,449,231,497,233,496,257	and
173,232,228,231,228,255,173,256	,four
26,257,26,232,64,232,64,257	six
551,223,551,193,599,194,599,224	epriz
365,215,365,195,459,195,459,215	tobacco
295,215,295,195,358,195,358,215	trade
180,217,181,192,257,194,256,220	Valley
506,217,506,192,549,192,549,217	the
259,193,289,192,290,217,260,218	/to
104,214,105,190,175,192,174,217	AOSTA
27,218,28,190,100,194,99,222	Italy's
463,191,503,190,504,217,464,218	for
490,157,544,156,544,178,491,178	over
148,181,148,155,216,156,216,182	years
410,181,411,153,486,155,486,182	hiking
117,176,117,156,156,157,156,177	14y
309,158,404,155,405,176,310,178	recalled
220,179,221,153,268,154,267,180	old
28,181,28,154,108,154,108,181	Atjust
548,176,549,152,600,155,600,180	Ferr
271,152,304,152,305,177,271,178	,he
463,92,498,91,499,112,464,113	no
414,113,414,93,460,93,460,113	was
276,116,277,91,322,92,322,117	me,
124,114,124,90,187,91,186,114	chair
28,114,28,89,119,91,118,116	rocking
191,112,193,87,273,91,271,117	,telling
328,112,328,89,407,89,407,113	"There
502,111,503,88,546,89,546,112	rice
549,114,549,86,598,86,598,114	eins
293,55,450,54,450,73,293,73	nonagenarian
460,73,460,50,537,52,536,75	father
164,72,164,51,230,52,230,73	Biner
92,50,158,49,158,72,92,73	Linda
29,51,84,50,85,71,29,73	born
237,73,237,49,285,49,285,73	Her
543,73,543,47,599,48,599,74	,Thor
486,33,486,15,594,15,594,34	romantic,
347,35,347,12,412,14,412,37	think,
418,12,479,11,480,35,419,35	\'How
279,35,280,11,326,12,326,36	and
188,33,188,12,273,12,273,33	stadels
50,12,106,11,106,35,50,35	look
110,13,135,12,136,34,111,35	at
140,35,140,10,183,10,183,35	the
