504,474,504,461,598,462,598,475	Advertiseme
155,395,155,378,230,379,230,396	trading
509,395,509,377,534,377,534,395	as
48,396,48,374,147,376,147,398	currently
538,375,586,375,587,396,538,397	high
238,396,238,376,260,376,260,396	at
415,374,475,374,476,394,415,395	climb
350,393,350,375,410,375,410,393	could
264,397,264,373,343,375,342,399	$87.63,
479,395,479,373,505,373,505,395	to
373,352,373,334,472,334,472,352	executive
52,352,52,333,123,334,123,352	Mason
526,352,526,333,578,334,578,352	chief
478,333,521,332,522,351,479,353	and
249,352,249,333,308,333,308,352	firm's
206,333,243,332,244,353,206,353	the
313,353,313,332,368,332,368,353	chief
128,353,128,331,198,334,197,355	Morfit
234,271,234,252,293,252,293,271	more
297,255,419,253,419,270,298,272	predictable,
50,270,50,251,125,251,125,270	stream
134,251,228,250,228,269,134,269	becomes
556,270,557,248,600,250,599,271	tirm
432,269,432,249,550,250,550,270	investment
572,235,574,210,600,213,600,238	spo
129,232,130,208,212,211,212,235	yunsung
217,211,270,210,270,228,217,228	work
380,227,380,210,541,210,541,227	transformation,
51,230,51,209,124,209,124,230	largely
555,221,555,212,565,212,565,221	is
303,207,372,207,372,229,303,230	digital
274,228,275,206,300,207,299,229	of
461,188,461,167,581,167,581,188	Enterprises
380,167,454,166,455,188,380,189	Insight
262,187,262,165,361,166,361,189	(Reuters)
110,187,111,164,182,168,181,190	YORK,
51,187,51,167,107,167,107,187	NEW
185,166,227,165,227,187,185,188	Oct
229,186,230,165,256,166,255,187	18
185,34,187,32,191,36,188,38	--
124,41,124,26,188,26,188,42	Herbst-
188,43,188,24,254,24,254,44	Bayliss
76,42,76,25,121,25,120,43	Svea
49,45,52,23,76,26,73,48	By
