7,590,8,590,9,592,7,593	I
140,579,226,579,226,596,140,597	activists
20,597,20,577,72,577,72,597	from
77,578,134,576,135,596,78,597	other
2,590,2,578,13,578,13,590	If
0,365,0,345,44,345,44,365	ities
157,143,157,121,198,122,197,144	any
0,140,1,121,64,123,63,142	tunity
68,140,69,120,153,120,153,140	without
190,90,191,89,192,90,191,91	WHITENING
192,90,192,88,193,88,193,90	the
210,88,210,87,212,87,212,88	the
188,91,192,84,202,88,198,95	a
0,83,20,83,21,101,0,102	gs
73,101,73,78,180,78,180,101	generates
24,78,68,78,68,98,24,99	and
204,98,204,78,229,78,229,98	90
133,16,180,15,180,32,133,33	More
0,33,0,14,109,16,109,34	vestigations
