431,398,431,395,433,395,433,398	I
430,395,432,393,434,394,432,397	coin
428,395,430,393,432,395,430,397	I
528,406,529,386,600,389,599,409	approp
431,394,431,392,433,392,433,394	I
465,388,521,388,522,405,465,405	more
424,402,424,390,438,390,438,402	is
434,394,434,390,436,390,436,394	:
262,404,262,385,348,387,348,406	(ACN.F)
2,386,45,385,45,404,2,405	ther
107,405,107,384,217,385,217,406	Accenture
51,405,51,384,103,385,102,406	than
354,386,415,384,416,403,355,404	which
219,383,257,382,257,406,219,407	Plc
294,344,380,343,380,363,294,364	analysts
434,344,473,343,473,363,435,364	has
45,344,128,343,128,363,45,364	covered
0,366,0,342,42,343,41,367	dely
537,365,538,341,599,344,598,367	lumpe
388,363,388,343,430,344,430,363	and
220,344,286,343,286,362,220,363	Street
165,344,215,342,216,362,166,363	Wall
477,344,531,342,532,361,477,363	been
133,369,133,342,162,342,162,369	by
180,279,181,261,268,263,267,280	because
407,277,408,262,519,263,519,278	overlooked
32,262,92,261,93,278,33,279	about
316,279,317,259,398,262,397,282	broadly
101,259,173,259,173,281,101,281	Insight
559,280,559,259,598,259,597,280	the
526,259,556,258,557,285,527,286	dby
0,280,0,260,27,260,27,280	ut
305,267,305,263,307,263,307,267	I
295,261,310,261,310,277,295,278	is
0,224,22,223,23,242,0,243	g
228,241,228,221,305,222,305,242	scenes,
381,223,472,220,473,240,381,242	presents
56,242,56,219,101,219,101,242	stay
312,240,313,218,375,219,374,241	rarely
510,236,510,219,594,220,594,237	investment
107,218,179,217,180,237,108,237	behind
186,217,224,217,224,238,187,239	the
476,239,476,216,506,216,506,239	its
26,218,51,215,54,239,29,241	gtos
564,197,565,179,600,180,600,198	and
201,197,201,179,257,179,257,197	owns
370,197,370,179,436,179,436,197	dozen
262,179,344,178,345,199,262,201	roughly
441,180,557,178,557,196,441,198	companies
66,194,66,178,193,179,193,196	traditionally
1,198,1,177,56,177,56,198	vhich
530,86,530,70,599,70,599,86	metave
329,87,329,70,404,70,404,87	content
44,86,44,70,130,70,130,86	software
411,69,490,67,490,85,412,87	creation
2,87,2,69,40,69,40,87	lobe
191,86,192,69,229,69,229,87	aim
136,70,184,69,184,85,136,86	tools
494,68,526,67,526,87,495,87	for
295,87,295,68,326,68,326,87	3D
260,86,260,67,291,67,291,86	aid
232,87,232,67,255,67,255,87	to
4,32,78,31,78,45,4,45	everses
337,30,392,30,393,48,337,49	surge
267,45,267,30,330,30,330,45	shares
192,46,193,28,258,31,257,49	slump,
84,45,84,30,186,30,186,45	subscriber
397,28,444,28,444,47,397,47	14%
498,5,499,0,534,3,534,8	LIME
65,1,69,1,69,5,65,5	a
50,4,50,1,60,3,60,5	--
541,5,541,0,597,1,597,5	mcco
85,7,85,0,114,0,114,7	-
8,5,8,0,32,0,32,6	coin
