2,369,86,366,87,382,2,384	partners
192,366,310,364,310,384,193,386	specialized
92,364,140,364,141,383,92,383	with
145,384,145,364,186,364,186,384	this
74,341,74,324,141,324,140,341	wither
215,341,215,324,297,324,297,342	shadow
8,323,68,323,68,340,8,340	could
173,342,173,322,209,322,209,342	the
148,342,148,322,169,322,169,342	in
302,342,304,319,329,321,327,345	of
220,198,268,197,268,216,220,217	seat
83,197,127,196,128,217,84,218	had
151,196,216,195,216,217,151,218	board
13,196,78,196,78,216,14,217	Morfit
271,197,296,196,297,217,272,218	at
159,76,205,76,205,92,159,93	new
3,93,3,73,73,74,73,94	having
210,93,210,71,264,72,264,94	chief
79,73,136,72,136,92,80,93	hired
