252,411,353,409,353,425,252,427	professionals.
96,409,147,409,147,425,96,426	eneeds.
5,411,93,409,93,425,5,427	compliance
250,386,335,384,336,401,251,402	accounting
4,397,4,388,10,388,10,397	X
48,399,48,386,164,386,164,399	ever-expanding
373,397,373,383,429,384,429,398	finance
338,383,370,382,370,400,339,400	and
13,399,13,382,44,382,44,399	and
30,373,31,358,93,360,92,374	manage
118,377,118,359,155,359,155,377	lyour
253,360,337,358,337,370,253,372	information
366,377,366,357,398,357,398,377	rtax,
9,373,9,358,27,358,27,373	to
341,373,342,355,367,357,366,375	fort
95,357,117,356,117,373,96,374	ally
349,333,398,332,398,347,349,347	leader
22,334,134,333,134,345,22,346	comprehensive
425,345,426,330,474,332,474,347	online
399,347,399,332,423,332,423,347	for
284,346,284,332,344,334,344,347	industry
0,348,0,332,18,332,18,348	ost
249,348,249,330,281,330,281,348	The
1,313,1,299,41,300,41,314	urce
251,314,251,298,349,299,349,314	Checkpoint
18,139,101,137,101,149,18,150	consumers.
0,148,0,136,14,136,14,148	to
155,123,155,109,227,109,227,123	terminals,
89,123,90,107,150,109,150,124	desktop
1,110,60,109,60,122,2,122	ssionals
265,122,265,108,318,109,318,123	world's
62,123,62,108,87,108,87,123	via
234,107,261,106,261,123,234,124	the
21,97,22,83,62,85,62,98	every
231,97,231,83,300,84,300,98	business,
100,96,100,82,160,83,160,97	Reuters
64,100,65,81,98,82,97,101	yday...
163,82,228,80,229,98,164,99	provides
0,81,20,81,20,98,0,98	de
71,65,71,62,74,62,74,65	-
69,61,78,60,79,69,70,70	is
228,59,313,57,313,68,229,69	multimedia
170,57,225,56,225,72,170,73	largest
113,71,113,56,167,56,167,71	world's
1,70,2,55,62,57,61,71	Reuters,
83,71,83,56,111,56,111,71	the
