464,453,464,432,520,432,520,454	your
31,433,94,433,94,449,31,450	news
125,452,126,429,214,432,214,455	scoops
526,450,526,430,597,430,597,450	inbox
370,451,371,429,428,431,428,453	daily
253,446,253,431,363,432,363,447	delivered
0,449,0,429,28,431,26,451	chi
431,454,431,427,463,427,463,454	vto)
2,333,91,331,92,353,3,356	ighted
266,301,321,300,321,318,267,319	new
91,320,92,299,160,299,160,321	argue
444,318,444,299,484,299,484,318	are
3,300,83,299,83,319,3,320	panies
488,297,571,296,572,322,488,323	unique
328,318,328,298,436,298,436,318	artworks
166,318,166,296,218,296,218,318	that
221,319,221,296,264,296,264,319	the
153,251,154,235,257,236,257,252	seconds.
32,255,33,233,116,234,116,256	images
124,254,124,232,148,232,148,254	in
0,232,26,231,27,253,0,254	at
542,220,542,201,593,202,592,221	can
104,222,105,199,174,201,174,224	years
176,222,176,199,212,199,212,222	Sontown
454,199,539,196,540,222,455,225	people
1,219,1,198,59,199,59,219	work
278,199,396,198,396,217,278,218	portfolios
403,197,451,197,452,219,403,220	and
214,220,214,196,273,197,272,221	their
59,197,101,196,101,221,60,222	Korn
2,134,69,133,69,159,3,161	open
149,135,231,133,231,156,150,158	public
104,154,104,130,147,130,147,155	the
70,131,100,130,102,155,71,156	to
0,98,38,96,39,125,0,126	any
484,100,576,98,577,118,484,120	DALL-E
243,119,244,97,315,99,314,121	Musk
373,99,440,98,441,118,373,119	made
318,122,319,96,369,98,368,123	,just
183,98,238,97,238,119,184,120	Elon
147,123,147,96,179,96,179,123	by
41,97,141,96,141,118,41,120	founded
445,118,446,95,479,95,479,119	its
