588,556,591,551,594,553,591,558	I
254,560,256,524,442,532,440,568	However
34,529,203,528,203,562,34,564	attacker
472,563,473,525,548,527,546,565	this
32,500,34,462,96,466,94,504	the
509,500,511,464,573,467,571,503	the
113,501,114,460,421,467,420,508	full-knowledge
365,442,366,410,434,412,433,443	are
446,438,446,403,598,403,598,438	vulnera
173,440,173,403,253,403,253,440	that
265,446,266,402,351,405,350,449	they
32,403,159,402,159,439,32,440	shows
584,376,584,373,588,373,588,376	the
495,389,495,346,600,347,600,390	quest
378,378,379,339,478,339,477,379	been
285,380,285,338,362,338,362,380	has
28,348,269,336,271,384,31,396	recognizers
471,314,472,278,600,281,599,317	robust
29,281,197,276,198,318,30,323	plement
370,316,371,277,449,279,448,317	The
216,326,216,272,316,273,315,327	[33]
469,255,470,226,526,226,526,256	an
276,255,277,226,327,227,327,256	as
30,223,266,221,266,258,31,260	recognition
342,252,342,218,458,220,457,253	either
534,255,535,216,600,218,599,256	ind
447,155,563,155,563,206,448,207	plays
286,188,287,157,427,161,426,192	motion
90,153,258,152,259,193,90,194	Skeletal
520,70,521,20,599,22,598,71	Ab
