1,528,246,523,247,564,2,569	requirement
286,540,286,537,294,537,294,540	the
324,561,328,520,452,531,449,571	overly
390,501,390,466,454,466,453,502	the
93,503,93,465,303,465,303,503	accessible
325,504,327,464,368,466,367,506	to
19,429,19,427,21,427,21,429	-
30,425,30,422,33,422,33,425	the
3,414,36,412,38,435,4,437	Peter
186,405,328,402,329,442,186,445	attacks
31,406,171,405,171,439,31,439	ersarial
343,402,453,401,454,438,343,440	when
157,368,157,365,160,365,160,368	the
0,380,5,333,103,344,97,392	ently
332,377,332,342,455,342,455,377	which
221,383,225,334,304,339,301,389	501
120,341,191,334,196,378,125,385	[29
303,311,306,274,450,286,447,323	activity
3,319,4,278,282,279,282,320	keleton-based
351,227,436,225,437,253,351,254	COM
104,254,105,226,236,229,236,257	source
252,255,253,225,302,226,301,256	or
4,252,5,218,94,221,93,255	data
136,191,136,157,275,160,275,194	human
303,190,305,151,452,160,450,199	activity
65,157,113,156,113,195,66,196	in
1,194,1,155,41,155,41,194	le
