13,475,13,441,73,441,73,475	we
223,472,223,436,304,437,303,473	that
325,471,326,435,561,435,561,471	adversarial
95,471,95,436,199,436,199,471	show
521,411,523,374,599,379,597,415	met
386,410,386,377,508,377,508,410	attack
3,374,117,373,118,412,4,414	k-box
133,405,133,374,368,378,368,408	adversarial
290,348,291,315,359,318,357,351	too.
482,348,484,311,558,315,556,352	this
104,351,106,309,271,317,269,359	settings
0,347,2,307,95,312,93,352	-box
409,351,409,309,463,309,463,351	To
524,288,524,260,598,260,598,288	suc
219,257,281,253,283,287,221,291	we
69,298,69,252,196,252,196,298	paper
427,287,428,250,509,251,508,289	that
3,287,6,249,59,252,56,290	his
301,250,403,249,404,285,301,287	show
0,200,17,197,20,220,1,223	St
49,224,49,194,245,194,245,224	scenarios
460,223,461,186,584,190,583,226	attack
372,224,373,189,434,191,433,225	the
271,223,272,186,352,189,351,226	and
12,156,12,153,15,153,15,156	the
26,154,26,151,28,151,28,154	the
276,147,276,145,279,145,279,147	I
1,158,10,134,42,145,34,169	er,
393,128,600,122,600,166,395,172	requireme
72,165,73,126,148,128,147,166	this
172,164,173,127,373,130,373,166	white-box
496,100,496,72,596,72,596,100	acces
192,67,417,65,418,112,193,114	recognizer
67,76,67,74,69,74,69,76	the
110,101,110,65,172,66,171,102	the
65,79,65,72,75,72,75,79	the
47,36,48,3,265,6,264,40	vulnerable
336,35,336,4,570,7,570,39	adversarial
280,42,280,5,322,5,322,42	to
