322,588,322,585,325,585,325,588	the
485,600,485,560,599,561,598,600	atta
24,586,25,552,452,562,451,597	transfer-based
450,517,450,460,550,460,550,517	but
237,514,238,458,435,460,435,516	model
22,516,22,456,226,456,226,516	tacked
480,430,481,376,600,379,598,433	acce
253,382,462,377,463,422,254,427	cannot
20,426,20,358,240,360,239,428	tackers
467,279,595,278,596,334,468,336	stud
21,333,21,282,313,283,313,334	motivates
347,332,348,276,440,278,439,334	the
524,256,528,189,599,192,596,260	fap
19,240,20,182,143,185,142,243	The
150,242,153,173,433,187,429,257	difficulty
443,244,445,179,521,182,520,246	jofa
249,44,586,42,587,97,249,98	Black-box
23,45,174,43,175,90,24,91	2.2.2
