86,240,86,238,89,238,89,240	and
85,239,85,237,86,237,86,239	the
269,238,269,237,271,237,271,238	I
39,238,39,236,40,236,40,238	the
83,236,83,235,84,235,84,236	the
534,265,536,222,589,225,587,268	is
502,232,502,230,504,230,504,232	:
40,232,40,230,41,230,41,232	-
315,229,315,228,316,228,316,229	the
20,207,162,206,163,286,21,287	type
173,211,243,210,243,267,173,267	of
251,269,251,209,521,211,520,271	fmethods
297,174,297,173,298,173,298,174	I
387,169,387,167,389,167,389,169	=
393,167,393,166,395,166,395,167	:
392,167,392,166,394,166,394,167	:
390,167,390,166,392,166,392,167	-
389,167,389,166,391,166,391,167	-
340,150,340,149,341,149,341,150	the
497,137,497,135,499,135,499,137	-
122,172,128,117,332,140,326,195	eheavyd
22,118,119,115,121,174,24,177	the
322,113,600,112,600,197,322,198	depender
124,84,124,83,126,83,126,84	I
114,80,114,79,115,79,115,80	the
117,79,117,78,119,78,119,79	the
122,79,122,78,123,78,123,79	I
115,78,115,77,117,77,117,78	the
122,78,122,76,123,76,123,78	I
102,74,102,73,104,73,104,74	the
138,74,138,72,140,72,140,74	the
420,72,420,71,421,71,421,72	the
420,71,420,70,421,70,421,71	I
120,73,120,69,122,69,122,73	I
430,70,430,69,432,69,432,70	the
429,70,429,69,431,69,431,70	the
418,70,424,67,427,71,421,75	(
432,69,432,67,433,67,433,69	the
430,69,430,67,432,67,432,69	the
429,69,429,67,431,67,431,69	the
428,67,429,67,430,69,429,70	the
143,69,143,67,144,67,144,69	the
433,68,433,66,434,66,434,68	the
429,68,429,66,431,66,431,68	the
434,66,434,64,436,64,436,66	I
441,64,441,63,442,63,442,64	I
442,64,442,63,443,63,443,64	I
442,63,442,61,443,61,443,63	I
441,63,441,61,442,61,442,63	I
441,62,441,60,442,60,442,62	I
435,61,435,59,436,59,436,61	I
425,61,425,59,426,59,426,61	a
441,61,441,59,442,59,442,61	I
435,60,435,58,436,58,436,60	I
437,58,437,57,439,57,439,58	the
435,58,435,57,436,57,436,58	I
426,58,426,57,427,57,427,58	the
428,59,428,57,430,57,430,59	the
427,58,427,57,428,57,428,58	the
434,57,434,56,435,56,435,57	I
426,57,426,56,427,56,427,57	the
427,57,428,55,429,57,428,58	the
424,70,434,50,452,59,442,79	a
415,66,415,51,433,51,433,66	a
160,43,237,42,237,82,160,83	on
250,29,396,28,396,85,250,86	such
13,79,25,11,165,37,153,105	relyo
461,83,461,25,600,26,600,84	methos
