534,268,534,266,536,266,536,268	I
533,268,533,266,534,266,534,268	I
534,267,534,265,536,265,536,267	I
101,246,101,245,103,245,103,246	the
283,226,388,222,390,267,284,270	use
133,266,135,223,189,225,188,268	IS
566,230,568,228,571,230,569,232	I
565,230,565,229,567,229,567,230	I
206,217,266,215,268,267,208,269	to
509,232,594,208,600,261,524,286	epre
1,268,3,210,120,213,118,271	ods
408,266,408,208,503,208,503,266	the
14,178,14,176,17,176,17,178	a
16,164,16,163,18,163,18,164	the
16,163,16,161,18,161,18,163	the
278,158,278,156,280,156,280,158	the
277,156,277,154,278,154,278,156	the
277,154,277,152,278,152,278,154	the
507,136,596,134,597,172,508,175	sur
303,136,380,132,382,173,305,177	on
102,134,102,133,104,133,104,134	the
396,176,397,117,495,119,494,178	the
0,128,292,108,296,172,3,191	pendence
459,43,600,40,600,81,460,84	cann
390,45,390,44,392,44,392,45	-
391,42,391,41,393,41,393,42	the
327,26,456,26,456,85,327,85	and
55,88,57,12,304,18,302,94	amethod
