396,240,396,238,397,238,397,240	the
397,239,397,237,399,237,399,239	I
396,239,396,237,397,237,397,239	the
396,237,396,236,397,236,397,237	the
396,236,396,235,397,235,397,236	the
396,235,396,234,397,234,397,235	the
401,234,401,232,402,232,402,234	I
422,263,423,215,595,219,594,267	scores
167,230,167,229,168,229,168,230	I
9,210,103,209,103,265,9,266	the
113,207,422,192,426,272,117,288	epredicteds
309,167,309,166,311,166,311,167	the
308,167,308,166,309,166,309,167	the
316,165,316,164,317,164,317,165	the
279,151,279,149,280,149,280,151	the
257,150,257,148,258,148,258,150	the
0,176,0,117,94,118,93,177	the
99,185,102,112,394,122,391,194	esurrogate
400,114,598,113,598,174,400,175	model
478,47,483,47,483,49,478,49	-
477,49,477,47,478,47,478,49	the
278,43,578,30,580,80,280,92	guarantee
58,37,264,29,266,77,60,85	cannot
0,79,13,21,65,36,48,93	d
