386,570,458,559,464,597,391,600	san
439,556,595,554,595,600,440,600	ample
33,552,357,548,357,596,33,600	adversarial
301,490,301,487,304,487,304,490	I
282,465,562,459,563,519,284,525	approach
50,462,260,456,262,527,52,533	simple
553,424,553,375,599,375,599,424	at
439,426,439,370,533,370,533,426	the
350,365,426,364,427,426,350,427	off
2,360,332,359,332,425,2,426	nformation
585,308,585,305,588,305,588,308	the
552,335,552,283,600,283,600,335	at
428,333,429,276,525,278,524,334	the
215,280,399,276,400,332,216,337	which
117,278,186,277,187,336,117,337	in
0,339,0,276,90,276,90,339	ck,
442,210,445,208,447,210,445,213	the
314,190,592,185,593,237,315,241	real-worl
0,186,121,179,125,241,1,249	tacki
204,243,204,185,302,185,302,243	the
124,186,193,183,196,243,126,246	Kint
