128,574,132,518,315,528,312,584	heavy
25,521,120,520,121,576,25,577	the
328,583,328,517,598,518,598,584	depender
158,482,159,439,240,440,240,484	on
462,433,595,432,596,485,462,486	meth
249,431,396,427,397,484,250,487	such
14,493,21,419,142,430,136,503	rely
528,348,599,347,599,392,529,393	m
16,397,20,332,194,343,190,407	isting
209,394,209,336,519,336,519,394	black-box
185,300,185,255,298,255,298,300	one
305,258,595,247,598,308,307,319	surrogate
22,242,171,238,173,296,23,299	from
479,157,596,156,597,210,480,211	atta
22,151,457,147,458,206,22,210	transfer-based
450,61,551,59,552,116,451,118	but
238,58,436,56,437,119,238,120	model
20,56,226,55,226,117,21,117	tacked
479,28,479,2,598,3,598,29	acce
275,23,275,2,464,4,464,25	cannot
23,31,23,0,238,0,238,32	lackers
