503,534,595,531,596,571,504,573	sur
302,575,302,532,382,532,382,575	on
398,522,493,521,494,575,399,576	the
0,523,293,516,294,578,1,585	pendence
457,437,598,435,599,481,458,483	cann
64,485,65,430,301,430,301,485	method,
330,425,445,422,447,481,332,485	and
405,349,488,349,488,391,405,392	on
127,338,392,335,392,391,127,393	methods
2,338,116,337,116,391,2,392	box
500,392,500,332,600,332,600,392	ske
0,248,197,246,198,311,1,313	rogate
407,300,407,247,509,247,509,300	lvia
520,248,597,245,600,298,522,301	who
204,299,205,243,399,246,399,302	model
558,202,558,198,569,198,569,202	a
558,200,558,195,569,195,569,200	a
561,193,567,193,567,197,561,197	I
558,197,558,193,562,193,562,197	I
566,195,566,191,568,191,568,195	the
562,193,565,191,567,193,565,195	I
561,195,561,191,564,191,564,195	I
566,192,566,189,568,189,568,192	the
516,220,516,164,600,164,600,220	ger
81,156,270,153,271,205,82,209	attack,
304,207,305,152,491,155,491,210	which
0,157,56,152,61,206,1,211	ed
507,133,510,66,600,70,600,137	eque
51,115,52,61,151,63,151,117	but
9,86,9,74,21,74,21,86	and
323,59,490,58,491,118,323,119	make
162,122,168,53,307,66,300,135	tonly
290,1,399,1,399,39,290,40	any
79,3,277,0,278,32,79,36	access
425,28,425,0,595,1,595,29	unact
1,26,1,0,67,0,67,26	on
