100,533,392,522,394,583,103,594	surrogate
0,521,94,519,95,574,2,576	the
400,578,400,515,596,515,596,578	model
57,436,264,435,264,483,57,484	cannot
284,440,580,429,582,482,286,493	guarantee
6,391,7,347,88,348,87,392	on
102,390,102,334,335,336,335,392	skeletal
345,334,565,332,566,391,345,393	Imotion
446,305,446,248,595,248,595,305	attacl
11,248,110,245,111,299,13,302	via
121,301,121,247,434,249,434,302	white-box
116,163,400,157,401,208,117,214	generates
0,152,95,151,96,211,0,212	ich
430,207,431,146,595,149,594,209	adver
431,93,431,90,434,90,434,93	the
430,90,430,87,434,87,434,90	the
420,89,420,86,423,86,423,89	I
430,97,430,85,435,85,435,97	the
415,91,415,83,426,83,426,91	and
450,129,451,63,598,64,598,130	simp
386,77,394,77,394,87,386,87	the
113,66,329,51,333,116,117,131	queries
0,60,92,58,93,116,0,118	ake
374,3,600,1,600,21,374,24	PINOTIT
25,7,350,3,351,34,26,38	unachymg
