228,563,228,560,231,560,231,563	the
345,557,345,540,360,540,360,557	the
203,590,203,515,344,515,344,590	1[50].
3,577,3,516,200,517,200,579	model
345,521,597,519,597,568,345,570	LANOTHE
407,469,407,466,410,466,410,469	I
193,439,425,436,426,486,193,489	success
0,435,177,432,178,479,0,481	rantee
444,485,444,428,557,428,557,485	due
431,404,431,332,541,332,541,404	61]
178,332,285,324,291,400,184,408	129,
6,335,167,328,169,392,8,398	otion
318,391,321,329,404,333,401,395	50,
472,292,472,290,475,290,475,292	-
568,284,568,280,571,280,571,284	a
566,284,566,280,569,280,569,284	I
542,284,542,280,546,280,546,284	the
560,291,560,278,585,278,585,291	of
533,288,533,271,547,271,547,288	In
45,247,233,242,235,301,47,305	attack
375,309,377,239,515,242,513,313	>35]
236,242,343,228,353,304,245,317	136,
378,217,379,146,597,151,596,222	Isample
28,146,360,144,361,207,28,209	adversarial
283,64,563,63,563,128,284,130	approach
49,60,261,58,262,128,50,130	simple
440,23,440,0,532,1,531,24	LIC
347,24,348,0,422,2,422,26	of
551,3,600,0,600,24,553,29	a
