242,424,242,422,244,422,244,424	the
240,422,240,421,242,421,242,422	-
242,421,244,419,245,420,243,422	the
241,421,242,419,244,420,242,422	the
242,420,243,418,245,419,244,420	the
241,419,242,418,244,419,242,421	a
242,419,242,417,243,417,243,419	the
149,412,149,411,150,411,150,412	,
126,410,126,408,127,408,127,410	the
232,425,232,403,259,404,258,426	1s
19,398,19,396,20,396,20,398	the
0,430,1,377,165,383,164,433	robing
175,310,175,309,177,309,177,310	the
0,347,0,287,282,289,281,348	lversarial
166,255,166,253,168,253,168,255	a
165,256,165,253,170,253,170,256	-
142,252,142,250,143,250,143,252	-
142,251,142,249,144,249,144,251	the
173,250,173,248,175,248,175,250	-
170,250,170,248,172,248,172,250	-
169,249,169,247,170,247,170,249	I
77,252,85,205,160,217,152,264	exp
0,210,56,210,57,254,0,255	m
148,202,247,187,257,253,158,269	xplo-
262,160,262,158,263,158,263,160	-
260,160,264,155,267,158,263,162	-
109,127,109,125,110,125,110,127	the
76,126,76,124,78,124,78,126	the
0,166,0,97,272,105,270,175	ploration,
0,76,0,11,264,11,264,77	iteration,
