329,597,329,549,445,549,445,597	non
450,592,451,540,599,543,598,595	-line
223,595,223,541,317,542,317,596	the
22,543,201,535,204,594,25,600	Given
467,505,467,459,593,459,593,505	sam
1,452,102,447,105,504,3,509	leal
115,508,115,449,454,453,453,511	ladversarials
578,395,578,392,581,392,581,395	I
406,359,595,353,597,409,408,414	GMW
22,413,22,356,297,357,296,414	lustration
319,415,319,353,390,353,390,415	of
482,284,576,279,578,320,485,325	we
137,333,137,270,444,270,444,333	simplicity
13,323,14,267,121,268,121,324	For
390,177,597,175,597,231,391,233	Guidea
179,171,369,170,369,230,179,231	called
1,175,169,171,170,229,2,232	ethod
14,80,14,48,59,48,59,80	the
45,35,242,31,243,86,46,89	Walk
