146,324,146,322,148,322,148,324	I
199,301,199,300,201,300,201,301	the
178,279,417,278,417,340,179,340	classes,
456,337,458,268,596,273,593,343	233
0,272,166,271,166,342,0,343	ction
80,216,80,213,82,213,82,216	I
425,215,425,213,427,213,427,215	I
182,213,182,210,184,210,184,213	the
185,211,185,209,187,209,187,211	the
423,209,423,207,425,207,425,209	I
423,207,423,205,425,205,425,207	is
423,206,423,204,425,204,425,206	the
520,191,520,189,526,189,526,191	Strippers
243,180,371,177,373,233,245,236	and
42,246,44,167,210,173,208,252	138]
404,230,406,166,600,174,600,238	Kinet
249,136,249,134,251,134,251,136	I
248,136,248,134,253,134,253,136	-
34,134,34,132,36,132,36,134	a
34,132,34,130,36,130,36,132	-
32,133,32,130,35,130,35,133	Webber's
33,131,33,129,35,129,35,131	Electric)
30,131,30,129,32,129,32,131	I
30,129,30,127,32,127,32,129	I
28,130,28,127,30,127,30,130	I
229,123,229,121,231,121,231,123	the
223,120,225,119,227,121,225,123	the
23,120,23,119,25,119,25,120	,
233,119,233,117,235,117,235,119	the
230,117,230,114,232,114,232,117	the
136,93,136,91,137,91,137,93	the
2,80,264,62,270,142,8,161	quently
315,89,475,71,481,130,322,148	used
521,72,600,70,600,135,523,137	be
247,17,249,14,251,16,249,19	the
569,12,569,10,571,10,571,12	the
567,12,567,10,569,10,569,12	the
336,6,594,2,594,26,336,30	suitcie
186,31,186,0,263,0,263,32	did
1,31,2,0,145,1,145,34	joas
