308,323,308,319,310,319,310,323	I
308,317,308,315,310,315,310,317	I
43,338,43,274,283,274,283,339	dataset
287,353,288,270,587,272,587,354	[34]has
497,221,497,219,499,219,499,221	I
495,221,495,219,497,219,497,221	the
502,222,502,218,506,218,506,222	the
153,193,153,191,155,191,155,193	the
360,248,363,168,519,175,516,254	[34],
37,233,38,165,326,170,325,238	HDMO5
325,92,325,90,327,90,327,92	the
495,133,498,68,597,73,594,138	thr
44,128,48,66,157,73,153,135	We
204,68,448,67,449,137,205,138	choose
375,20,376,18,378,20,376,22	the
376,18,377,15,379,16,378,19	I
381,16,381,14,383,14,383,16	the
378,16,379,14,381,15,379,17	I
376,16,378,14,379,15,378,17	I
375,16,375,14,377,14,377,16	I
379,16,381,13,383,15,381,17	I
381,15,381,13,383,13,383,15	the
378,14,379,12,381,14,379,16	I
376,14,378,12,379,14,378,16	I
556,20,556,12,561,12,561,20	a
391,17,391,12,393,12,393,17	the
40,30,40,1,158,2,157,31	oas
452,3,551,0,552,26,453,29	liit
384,8,392,7,393,12,385,12	the
286,29,287,0,395,0,395,31	the
