315,558,475,554,476,581,315,585	semantic
142,549,299,548,299,589,143,590	employs
494,583,494,550,598,550,598,583	featur
55,583,55,547,127,547,127,583	also
61,502,113,502,113,531,61,531	on
457,496,550,493,552,534,458,537	good
125,500,285,499,286,525,126,526	networks
353,495,444,494,444,527,353,528	learn
298,495,343,492,345,530,300,532	toll
0,536,0,491,53,494,50,539	ely
503,476,503,450,564,450,564,476	use
2,442,107,440,107,475,3,476	GCN
205,473,205,440,360,441,360,474	MSG3D
378,440,484,439,484,473,378,474	which
123,476,123,439,190,439,190,476	and
0,392,40,389,42,422,0,424	at
426,418,426,387,565,389,565,420	features
87,421,87,386,151,387,150,422	has
266,386,347,386,348,420,266,421	with
205,386,259,384,260,423,207,425	do
156,387,201,385,203,421,158,424	sonicare
355,384,415,383,416,421,356,422	the
404,333,596,330,597,368,404,371	joint-positi
326,333,393,332,394,369,326,369	and
110,328,314,327,314,375,110,376	joint-angle
21,368,21,332,103,332,103,368	both
149,280,327,280,327,319,149,319	compared
20,285,139,280,140,311,21,316	dataset
428,308,428,281,573,282,572,310	STGCN
335,279,416,276,417,311,336,313	with
426,267,427,224,534,226,533,269	larger
7,228,47,225,50,261,9,264	to
250,226,363,226,363,258,250,259	shown
135,259,136,224,234,225,234,261	ISGN,
370,269,370,223,424,223,424,269	byl
54,224,129,222,130,258,55,260	fool
294,172,354,171,355,207,294,208	the
365,179,584,173,585,202,366,208	perturbation
151,207,152,169,276,171,275,209	results,
81,206,82,172,141,172,141,206	the
479,127,586,126,586,151,479,151	across
193,119,325,118,325,152,194,153	hardest
389,151,389,117,464,117,464,151	fool
124,119,181,118,182,153,124,154	the
0,118,62,117,63,153,0,154	ral,
335,118,380,116,382,154,337,156	to
74,119,114,116,117,151,77,155	is
513,107,515,67,600,70,598,110	equa
373,72,432,71,432,100,373,100	are
442,99,442,68,504,69,504,100	not
150,71,356,68,357,97,151,100	recognizers
28,64,134,63,134,97,28,97	action
502,52,503,11,597,13,595,55	target
226,42,226,15,413,15,413,43	untargeted
158,46,158,11,216,11,216,46	the
427,10,495,9,496,44,428,45	and
65,11,146,9,146,42,66,44	both
22,42,22,13,57,13,57,42	in
