373,348,373,317,427,317,427,348	set
18,315,205,313,205,348,18,350	maximum
434,316,473,315,474,349,434,350	to
483,348,484,311,573,313,572,350	3000.
214,313,362,313,362,346,214,346	iteration
571,293,571,270,599,270,599,293	as
430,292,431,261,555,264,554,295	dataset
329,297,330,260,417,261,416,298	each
231,259,319,257,320,293,232,295	from
69,294,69,260,219,260,219,294	motions
17,294,20,255,65,258,62,297	off
428,217,481,216,481,239,428,241	we
298,208,415,207,416,244,298,245	lattack,
145,208,292,207,292,243,145,244	targeted
486,241,487,206,600,206,600,241	Crandors
71,241,72,204,140,205,139,242	Fort
291,128,449,122,450,158,292,164	dattack
106,126,297,125,297,159,106,161	Targeted
20,156,21,121,104,123,103,158	4.4.
22,73,22,43,133,43,133,73	across
143,70,143,38,275,40,274,72	models
281,74,281,39,323,39,323,74	to
330,36,465,34,466,72,330,74	Section
472,69,474,35,534,40,531,73	4.5.
83,14,83,12,85,12,85,14	a
85,11,85,9,87,9,87,11	the
527,0,600,0,600,27,528,29	per
103,15,103,2,264,3,264,15	Instituts
359,1,456,0,456,19,359,20	ICAVE
295,0,352,0,352,17,295,18	ever
19,23,20,0,95,1,94,27	lary
466,18,467,0,523,0,522,19	use
