478,311,538,311,538,344,478,344	out
265,343,265,312,321,312,321,343	the
151,342,154,306,249,314,247,349	bring
100,313,138,311,141,344,102,347	to
0,343,1,308,88,309,88,343	tions
333,309,462,308,463,342,334,343	motion
551,308,595,307,597,344,552,346	of
260,264,422,257,423,289,261,295	semantic
113,297,113,256,196,256,196,297	type
17,289,18,255,100,257,99,291	This
435,290,435,253,600,254,600,290	informati
206,290,207,253,251,253,250,291	of
63,237,63,209,120,209,120,237	are
0,240,0,209,54,209,54,240	pes
489,204,569,203,569,236,489,237	their
327,235,329,200,478,205,476,241	learning
124,205,279,203,280,235,124,237	encoded
282,200,324,199,325,237,282,238	linl
315,156,475,156,475,181,315,181	semantic
140,151,296,146,297,187,141,192	employs
55,150,126,149,127,182,55,183	also
8,161,8,157,10,157,10,161	I
494,182,494,147,599,147,599,182	featur
582,113,582,111,584,111,584,113	I
582,112,582,110,584,110,584,112	I
63,104,111,103,112,129,64,130	on
459,102,550,95,552,129,462,136	good
353,97,445,97,445,128,353,128	learn
125,97,286,97,286,128,125,128	networks
0,136,1,94,50,97,48,139	ely
302,96,340,95,341,130,302,131	to
587,104,587,102,589,102,589,104	I
570,108,580,92,594,101,584,117	cl
502,75,502,49,566,49,566,75	use
3,72,3,45,109,48,109,75	GCN
205,71,205,43,355,43,355,71	MSG3D
376,43,484,42,484,74,376,75	which
122,74,122,39,191,39,191,75	and
270,21,270,2,347,3,347,22	with
59,19,59,4,79,4,79,19	It
427,18,427,2,566,3,566,19	reatures
89,1,149,0,149,20,89,20	nas
209,20,209,0,256,0,256,20	a0
359,20,360,0,416,0,416,21	the
0,21,0,0,42,0,42,22	lat
161,21,161,0,198,0,198,21	to
