384,600,384,574,526,575,526,600	datasets
216,600,218,569,284,572,282,600	dis-
116,600,117,570,160,571,159,600	Ltd
158,600,158,567,209,567,209,600	be
27,600,27,568,111,568,111,600	hard
386,523,523,517,525,550,387,556	gullible
93,556,93,515,287,515,287,556	perceptual
554,553,554,517,598,517,598,553	SC
26,550,27,515,85,516,85,551	the
556,488,556,484,560,484,560,488	the
220,498,221,468,284,471,282,502	on-
387,467,502,466,502,499,387,500	attack
1,496,1,469,38,469,38,496	as
65,461,202,460,202,497,65,498	99.55%
536,473,548,459,571,479,559,493	In
382,412,445,410,446,455,383,457	get
452,411,581,411,581,444,452,444	models
208,442,208,407,285,407,285,442	OM
10,407,124,407,124,441,10,441	affects
137,408,198,406,199,443,138,445	the
508,390,509,357,598,358,598,392	notic
435,355,501,354,502,394,436,395	We
4,357,225,357,225,386,4,387	effectiveness
244,389,244,352,287,352,287,389	of
175,312,280,312,280,332,175,333	across
3,311,153,307,154,335,3,339	uccesses
470,273,599,271,599,312,471,314	Classi
381,306,384,266,465,272,462,312	4.5.
112,246,228,245,228,281,112,282	effects
40,280,40,247,94,247,94,280	the
243,244,289,243,290,282,244,283	of
202,227,202,202,278,202,278,228	CON-
39,201,94,199,95,228,40,230	we
114,226,114,193,186,193,186,226	also
530,220,530,185,599,185,599,220	deta
388,216,389,182,521,184,521,218	ditional
0,146,28,144,30,172,0,174	te
47,142,117,140,118,172,48,174	that
136,139,282,138,282,169,136,169	BASAR
388,143,496,142,496,166,388,167	across
508,133,599,131,599,166,509,168	mode
571,108,572,89,596,91,595,110	ad
384,77,545,74,545,109,385,112	manifold
58,36,108,32,111,67,61,71	on
122,63,122,32,270,32,270,63	HDMO5
2,66,3,28,49,29,49,66	00
384,64,384,26,526,27,526,65	settings,
541,23,600,20,600,59,543,62	BA
212,14,212,0,284,0,284,14	since
1,20,1,0,194,0,193,21	specialy.
583,1,588,1,588,4,583,4	-
503,11,503,0,585,0,585,12	server
