109,524,297,522,297,565,109,567	Targeted
306,523,449,522,449,560,306,561	Attack
17,554,19,519,101,524,99,560	4.4
23,470,23,448,131,448,131,470	across
147,441,273,440,273,472,147,472	models
280,440,323,436,326,473,283,477	told
474,472,474,436,536,437,536,473	4.5.
329,439,463,434,464,471,330,476	Section
525,389,599,388,600,426,526,427	perfoot
18,425,18,387,91,387,91,425	tary
103,391,270,387,271,413,104,417	materials
464,386,521,386,521,419,465,420	the
359,385,454,384,454,417,359,418	leave
286,419,286,384,353,385,352,421	We
493,366,494,339,561,339,561,366	can
18,363,18,332,104,332,104,364	sults
356,365,356,330,481,330,481,365	studies
200,365,200,329,342,329,342,365	ablation
117,329,186,328,186,364,118,366	and
575,300,575,297,579,297,579,300	-
565,307,565,285,594,285,594,307	CO
390,279,538,278,538,308,390,308	Detailed
21,280,128,277,129,311,22,315	visual
139,311,139,279,366,279,366,311	comparisons.
533,228,599,227,599,257,533,257	mot
22,261,23,223,206,225,205,263	tinguished
378,223,523,221,524,260,378,262	original
315,257,315,222,373,222,373,257	the
218,222,304,220,305,255,219,257	from
520,205,520,176,596,176,596,205	sam
18,207,19,169,119,172,118,210	study
225,203,225,171,281,171,281,203	the
125,170,212,167,213,205,126,208	later
290,181,507,172,508,196,291,205	on-manifold
404,115,550,114,551,154,404,155	samples.
197,116,396,115,396,149,197,151	adversarial
19,115,181,109,182,144,20,149	manifold
370,72,437,69,437,97,371,99	can
460,70,596,69,596,100,461,102	generate
20,94,20,66,136,68,136,96	results.
202,93,202,62,348,62,348,93	BASAR
24,37,24,12,176,12,176,37	BASAR.
456,7,596,5,597,44,457,47	projecti
278,6,443,3,443,41,278,44	manifold
194,8,266,6,266,42,195,44	The
