387,550,546,545,547,576,388,581	sification
575,551,597,549,600,577,578,579	fe
497,496,566,491,568,526,499,530	and
379,492,486,490,486,534,380,535	joints
492,476,492,448,571,448,571,476	uses
382,475,382,440,479,440,479,475	SGN
386,388,505,387,505,421,386,422	attack
521,421,521,387,581,387,581,421	We
138,382,285,381,285,423,138,424	analysis
1,382,125,381,126,417,1,417	ariation
384,365,385,331,539,334,538,368	MSG3D.
72,336,271,330,272,366,73,372	supplemen-
3,331,61,330,61,366,4,366	the
461,280,527,279,527,313,462,314	and
536,311,536,280,598,280,598,311	AB
115,278,221,277,221,309,116,311	visual
382,278,451,274,453,313,384,317	Aa
230,276,282,275,283,312,231,313	Ire-
0,314,0,274,96,274,96,314	trices,
388,235,475,232,476,260,389,263	ways
487,259,488,226,589,229,588,262	needs
90,265,94,220,179,227,175,272	rvery
0,258,0,223,86,224,86,259	inder
186,225,282,223,283,257,187,259	harsh
387,177,525,174,526,204,387,206	datasets
214,204,217,168,272,171,269,207	dis-
118,170,158,169,159,204,119,205	to
30,170,110,167,111,202,31,204	hard
159,205,159,165,208,165,208,205	be
385,124,522,115,525,149,387,158	gullible
93,155,93,115,285,115,285,155	perceptual
555,150,557,117,597,120,595,152	SC
27,151,27,116,85,116,85,151	the
547,89,547,86,550,86,550,89	I
540,87,540,83,546,83,546,87	the
551,84,551,82,555,82,555,84	I
221,99,221,71,280,71,280,99	on-
0,97,0,70,38,70,38,97	as
387,98,387,66,502,66,502,98	attack
533,95,533,68,566,68,566,95	In
64,99,64,60,203,61,203,101	99.55%
382,54,382,11,445,11,445,54	get
452,13,579,12,580,43,453,44	models
9,9,122,8,123,39,10,40	affects
139,10,197,8,198,42,140,43	the
208,42,208,7,286,7,286,42	OM
