407,382,408,375,423,378,422,385	a
88,374,88,372,90,372,90,374	I
130,365,136,363,139,371,133,373	I
118,365,118,363,120,363,120,365	the
75,359,129,354,131,375,77,380	for
378,258,378,257,380,257,380,258	the
371,260,371,250,386,250,386,260	the
32,247,33,245,34,245,33,248	I
28,245,28,243,30,243,30,245	I
25,245,25,243,27,243,27,245	the
379,244,379,242,382,242,382,244	the
361,243,361,242,363,242,363,243	I
396,286,397,226,493,227,492,287	In
196,240,196,238,198,238,198,240	-
385,238,385,236,387,236,387,238	the
0,225,68,222,71,283,0,286	re
384,235,384,233,386,233,386,235	the
378,251,384,225,398,228,392,254	the
94,210,390,206,392,294,95,298	testedi
36,120,37,119,39,121,38,122	I
255,121,255,119,257,119,257,121	I
21,118,21,116,23,116,23,118	the
437,117,437,115,439,115,439,117	the
441,115,441,113,443,113,443,115	the
437,115,437,113,439,113,439,115	the
443,114,443,112,445,112,445,114	the
440,114,440,112,442,112,442,114	the
437,114,437,112,439,112,439,114	the
440,112,440,110,442,110,442,112	the
435,105,448,105,448,120,435,120	the
313,87,318,87,318,96,313,96	I
0,141,0,52,220,70,213,159	rtherl
227,147,228,60,455,61,454,147	look
