442,381,442,370,484,371,484,382	attacks
539,382,539,370,587,370,587,382	motions
488,380,488,369,534,370,534,380	skeletal
411,369,439,367,440,382,411,383	also
281,379,281,365,340,367,340,380	randomly
343,379,343,366,381,366,381,379	select
259,367,280,365,281,379,259,381	we
194,379,194,365,222,365,222,379	each
77,380,77,364,168,365,168,380	(Naturalness).
23,366,74,365,74,380,24,381	samples
224,379,225,364,256,365,256,380	trial
178,370,178,367,185,367,185,370	-
471,365,471,354,493,354,493,365	our
411,365,411,351,449,351,449,365	closet
320,357,320,354,322,354,322,357	I
497,365,497,351,556,351,556,365	approach.
565,350,593,349,593,365,566,366	The
183,350,217,349,218,361,184,362	more
220,348,264,347,264,360,220,361	natural
320,347,380,346,380,360,320,361	f-manifold
269,361,269,347,298,347,298,361	than
95,347,146,347,147,362,95,362	samples
150,361,150,347,179,347,179,361	look
24,348,90,348,90,361,24,362	adversarial
301,347,326,347,326,361,302,362	off-n
572,348,572,334,600,334,600,349	emp
412,336,486,334,486,347,413,348	comparison.
515,345,515,334,570,334,570,345	therefore
490,348,490,331,514,331,514,348	We
208,338,217,333,221,339,212,345	to
252,342,252,331,301,332,301,343	whether
223,331,248,330,248,344,224,344	test
159,331,204,330,204,344,160,345	studies
305,332,379,331,379,342,305,342	on-manifold
52,331,105,328,105,345,53,348	performance
107,330,157,329,157,343,107,344	ablation
23,345,23,329,51,329,51,345	also
492,329,492,317,511,317,511,329	on
565,329,565,316,600,316,600,329	motio
443,328,443,316,489,316,489,328	method
514,315,560,315,560,328,514,328	skeletal
411,329,411,315,439,315,439,329	tack
256,325,256,314,273,314,273,325	no
175,325,175,314,218,314,218,325	motion
276,325,276,311,306,311,306,325	time
224,325,224,311,252,311,252,325	with
89,313,146,311,146,325,89,327	describes
24,312,55,311,55,325,24,326	label
358,325,358,311,381,311,381,325	We
149,311,172,311,172,325,149,326	the
57,326,57,311,86,311,86,326	best
309,311,349,310,350,325,309,326	limits.
235,304,235,302,237,302,237,304	a
231,301,240,301,240,305,231,305	18
558,312,558,297,585,297,585,312	very
429,311,429,297,464,297,464,311	Since
468,310,468,296,518,296,518,311	BASAR
534,297,556,296,557,310,535,312	the
202,295,228,295,229,306,202,307	user
296,307,296,294,340,294,340,307	choose
23,294,65,293,66,309,24,310	played
342,295,379,294,379,306,343,307	which
281,308,281,295,295,295,295,308	to
244,306,244,294,279,294,279,306	asked
149,294,178,294,178,307,149,307	then
99,307,99,294,149,294,149,307	seconds
179,307,179,293,200,293,200,307	the
65,292,87,291,88,307,66,308	dfor
50,288,50,277,117,277,117,288	after-attack
331,288,332,276,366,276,366,289	video
278,276,306,276,306,289,278,289	trial
247,288,247,276,276,276,276,288	each
238,280,238,278,240,278,240,280	the
192,289,192,275,227,275,227,289	trials.
369,277,378,277,378,288,369,288	is
308,276,330,274,331,289,309,290	the
233,286,233,278,244,278,243,287	In
120,289,120,276,151,276,151,289	label
24,289,24,276,48,276,48,289	and
152,289,152,274,172,275,172,289	lfor
173,289,173,274,191,274,191,289	1"45
441,285,441,268,529,270,529,286	Comparison
411,284,412,267,440,268,440,285	4.7.
271,260,315,259,315,271,271,272	ground-
137,270,137,258,215,259,214,271	Trespectively)
313,270,313,260,346,260,346,270	-truth
349,270,349,258,380,258,380,270	label
247,271,247,258,269,258,269,271	the
217,259,245,257,246,270,218,272	with
103,271,104,257,136,258,135,272	ISGN
24,257,76,256,77,272,24,273	MSG3D
77,271,77,257,102,257,102,271	and
493,254,493,243,526,243,526,254	users
528,242,573,241,573,253,528,255	contain
148,253,148,241,191,241,191,253	choose
411,256,411,239,442,240,441,256	fully
214,252,214,241,263,241,263,252	motions
86,253,86,240,144,241,144,254	randomly
63,241,84,239,85,254,64,255	we
23,255,23,239,59,240,59,256	study
575,254,575,239,600,240,600,255	only
472,254,472,240,492,240,492,254	the
443,253,443,239,470,239,470,253	fool
325,239,378,238,378,252,325,253	STGCN
292,253,292,239,323,239,323,253	from
197,251,197,241,210,241,210,251	45
266,239,289,238,289,254,267,255	(15
411,225,445,225,445,235,411,236	more
353,234,354,225,380,226,379,235	user
205,237,205,222,303,222,303,237	(Deceitfulness).
153,236,153,222,203,223,202,237	subjects
83,235,83,222,114,222,114,235	clear
24,223,68,223,68,236,24,237	motion
540,235,540,222,600,223,599,236	off-manif
447,223,505,222,505,236,447,237	deceitful
322,222,351,221,351,234,322,235	each
115,235,115,222,129,222,129,235	to
511,237,511,221,538,221,538,237	The
306,221,321,221,321,236,306,236	In
130,236,130,221,151,221,151,236	the
69,222,81,222,82,235,70,235	is
502,218,503,206,537,206,537,218	users,
540,218,540,205,591,205,591,219	showing
87,218,87,205,130,205,130,218	motion
410,206,438,203,440,220,412,223	plesf
237,216,237,204,288,206,288,218	meaning
162,205,210,204,210,217,162,218	whether
23,205,44,203,45,220,24,221	ing
438,204,479,204,479,218,438,218	fooled
331,218,331,204,379,204,379,218	original
134,217,134,204,158,204,158,217	and
480,204,501,204,501,218,480,218	the
291,218,291,203,308,203,308,218	oft
64,217,64,203,85,203,85,217	fthe
308,218,308,202,330,202,330,218	fthe
46,219,46,202,63,202,63,219	oft
211,202,234,202,234,217,212,218	THE
480,201,480,187,517,189,517,202	users;
341,188,376,187,376,198,341,199	mean-
268,202,268,187,318,187,318,202	ychanges
522,187,556,186,556,199,522,200	while
412,199,412,187,452,187,452,199	fooled
90,187,114,186,114,199,90,200	ttest
218,200,219,185,266,186,266,201	visually
116,199,116,186,164,186,164,199	whether
455,186,476,186,476,200,455,200	the
167,198,167,186,216,186,216,198	BASAR
317,186,340,185,341,199,318,200	sther
560,186,600,185,600,200,560,201	84.69
64,186,89,185,89,199,64,200	first
40,200,41,184,65,185,65,200	WE
414,181,414,169,516,171,516,183	distinguishability
163,181,163,170,249,170,249,181	supplementary
254,180,255,168,309,169,309,181	materials
124,182,124,170,139,170,139,182	to
77,182,77,168,123,169,123,183	readers
548,181,548,168,595,168,595,182	94.63%
333,181,333,168,376,168,376,182	details.
522,182,522,168,545,168,545,182	but
139,169,161,167,162,181,140,183	these
24,182,24,168,54,168,54,182	refer
312,182,312,167,332,167,332,182	for
54,167,77,166,77,181,55,182	the
525,158,528,158,528,160,525,160	Electric)
281,166,281,151,323,151,323,166	setting
526,162,526,152,584,152,584,162	f-manifold.
218,165,218,151,241,151,241,165	our
489,165,489,151,505,151,505,165	vs
412,152,487,151,487,163,413,164	on-manifold
505,164,505,151,527,151,527,164	soff-1
125,163,126,148,167,150,166,165	briefly
243,165,243,149,278,149,278,165	study
169,150,216,148,216,165,169,166	explain
69,166,69,149,97,149,97,166	54).
42,163,43,149,68,150,67,165	and
356,163,356,148,381,149,380,164	and
325,149,354,148,354,163,325,164	here
100,149,124,147,126,163,102,165	Webster
24,164,24,148,41,148,41,164	20
100,142,100,140,103,140,103,142	-
537,147,538,133,593,133,593,147	(80.83%)
167,144,167,134,221,134,220,145	recruited
144,133,166,133,166,146,144,147	WCI
435,134,495,132,496,146,435,147	white-box
245,146,246,132,294,133,294,147	subjects
498,145,498,132,535,132,535,145	attack
411,134,432,132,433,146,412,148	the
329,144,329,132,380,132,380,144	between
297,132,326,130,327,148,297,150	(age
109,146,109,132,141,132,141,146	total
25,133,83,133,83,144,25,144	identified.
97,135,103,135,103,139,97,139	-
225,145,225,132,242,132,242,145	50
547,128,547,117,597,118,597,129	average.
525,117,544,117,544,128,525,128	on
450,129,450,117,471,117,471,129	are
411,130,412,114,446,115,446,131	bility
300,129,300,115,324,115,324,129	scan
220,116,300,115,300,127,221,128	perturbations
24,129,24,114,66,115,66,130	quality
180,115,219,114,219,128,180,129	where
490,114,522,113,522,128,490,129	9.90%
343,129,343,113,380,114,379,129	easily
85,126,85,114,134,115,134,127	HDMO5
473,128,475,113,494,114,492,129	89.9
150,130,150,113,179,113,179,130	shigh
67,128,67,113,84,113,84,128	yofk
137,128,137,113,150,113,150,128	is
324,113,342,112,343,128,325,129	been
176,101,181,98,184,105,179,108	a
488,109,489,97,533,98,533,110	motion.
438,97,485,97,485,110,439,110	original
187,110,187,97,231,97,231,110	motion
77,111,77,97,118,97,118,111	people
302,97,348,97,348,110,303,111	therein.
121,110,121,97,135,97,135,110	to
538,109,539,97,583,98,582,111	Finally
249,109,249,96,299,97,298,111	attacked
165,100,169,98,172,103,168,106	if
411,111,411,95,436,95,436,111	and
24,96,52,95,53,109,24,110	hard
353,111,353,94,381,94,381,111	The
137,96,158,95,158,110,137,110	tell
54,110,54,95,75,95,75,110	for
358,88,358,84,363,84,363,88	it
171,79,241,79,241,93,171,94	preliminary
476,91,476,80,533,81,533,93	similarity
412,93,412,79,450,79,450,93	forces
368,91,368,81,378,81,378,91	is
90,79,132,79,132,92,91,93	noises
24,80,85,79,85,92,25,92	noticeable
573,94,577,76,600,80,600,99	dyna
451,92,451,78,474,78,474,92	the
283,92,283,78,322,78,322,92	shows
246,92,246,78,280,79,279,93	study
139,92,139,78,168,79,168,93	Our
554,93,554,78,575,78,575,93	the
537,93,537,78,553,78,553,93	of
325,78,351,77,351,92,325,93	that
571,74,571,63,592,64,592,75	are
534,62,572,61,572,79,534,79	poses
482,63,512,62,512,75,483,75	sure
217,64,231,63,231,74,218,75	as
314,64,353,62,353,73,314,75	severe
265,63,310,63,310,74,266,74	contain
49,73,49,62,96,63,96,74	exclude
442,74,442,62,482,62,482,74	makes
411,77,411,60,440,60,440,77	only
234,75,234,61,262,61,261,76	they
163,61,213,60,213,74,163,75	Kinetics
357,73,357,60,380,61,380,74	and
512,60,533,60,533,74,512,75	the
135,73,135,60,159,60,158,74	and
98,60,131,59,132,72,99,74	ENTU
23,60,46,59,47,74,24,75	We
501,53,501,51,502,51,502,53	I
499,53,499,51,501,51,501,53	I
238,57,238,44,262,44,262,57	our
512,55,512,44,600,45,600,56	understandable
413,55,413,43,458,43,457,56	natural
266,45,329,44,329,57,266,59	perceptual
107,56,107,43,171,43,171,56	untargeted
176,56,176,43,211,43,211,56	attack
464,43,494,42,494,56,464,57	This
332,43,378,42,378,56,333,57	studies.
78,57,78,42,104,42,104,57	and
214,57,214,41,237,41,237,57	for
25,43,74,42,74,55,25,56	HDMO5
495,44,505,43,507,54,497,56	is
412,41,412,26,440,26,440,41	very
500,27,549,26,549,39,501,40	subjects
243,37,243,26,305,26,305,37	conditions.
185,27,220,26,220,38,185,39	cover
550,40,550,25,590,25,590,40	regard
337,37,337,26,379,26,379,37	choose
107,26,179,26,179,38,107,38	exhaustively
91,37,91,27,104,27,104,37	to
25,36,25,25,87,26,87,37	unrealistic
473,38,473,25,498,25,498,38	that
441,25,473,24,473,39,441,40	yclear
221,24,239,23,239,38,221,39	rall
311,39,312,23,336,24,335,40	We
525,9,563,8,563,21,525,22	shows
210,8,245,8,245,24,210,24	types
154,11,163,10,164,17,154,18	vs
250,20,250,9,263,9,263,20	vs
98,20,98,9,145,9,145,20	datasets
170,19,170,7,207,9,206,21	attack
27,8,74,7,74,19,27,20	(models
566,21,566,7,587,7,587,21	the
482,24,482,7,509,7,509,24	Fig.
411,22,411,7,439,7,439,22	tics.
444,22,445,6,479,7,479,23	Next,
316,23,316,6,348,6,348,23	MP),
269,20,269,7,313,7,313,20	MP/NO
488,2,494,1,495,3,489,5	>
221,1,239,0,240,5,222,6	the
458,4,458,0,473,0,473,4	the
