233,376,233,373,237,373,237,376	-
42,371,84,371,84,381,42,382	attacks
308,370,369,369,369,383,308,384	approach.
138,370,188,369,188,382,138,383	motions
89,370,134,369,134,380,89,381	skeletal
244,380,244,370,303,370,303,380	white-box
214,381,216,369,228,370,226,382	is
190,382,190,368,213,368,213,382	but
11,368,39,367,39,382,11,383	also
71,365,71,353,93,353,93,365	our
11,366,11,351,49,351,49,366	closet
331,351,368,351,368,365,331,365	which
242,364,242,351,293,351,293,364	SMART
97,352,157,350,157,365,97,367	approach.
298,350,326,350,327,367,298,367	150]
196,364,196,350,222,351,222,365	first
166,350,193,349,193,365,166,365	The
347,347,347,335,369,335,369,347	tare
267,335,318,334,319,345,268,346	methods
12,334,86,333,86,347,12,348	comparison.
222,335,264,334,264,345,222,346	several
172,347,172,333,218,334,217,349	employ
114,334,169,333,170,346,115,347	therefore
321,334,345,332,346,346,321,347	that
89,349,89,331,114,331,114,349	We
165,328,165,316,216,316,216,328	motions,
92,329,92,317,111,317,111,329	on
273,327,274,315,292,317,291,329	no
43,316,89,315,89,328,43,329	method
294,328,294,315,345,315,345,328	baseline
221,315,254,315,254,329,222,329	there
114,328,114,315,161,315,161,328	skeletal
11,329,11,315,39,315,39,329	tack
347,329,347,314,370,314,370,329	for
350,311,351,298,368,299,367,312	lat-
157,312,157,298,186,298,186,312	very
281,298,346,298,347,309,282,309	adversarial
29,298,64,297,64,311,30,312	Since
252,298,278,297,278,310,253,311	-box
216,309,216,297,250,297,250,310	black
188,297,214,296,215,310,189,311	first
69,296,117,296,117,309,69,310	BASAR
134,311,134,296,157,296,157,311	the
41,283,41,269,129,270,129,284	Comparison
11,284,11,268,40,268,39,285	4.7.
94,254,94,243,126,243,126,254	users
206,257,206,241,235,241,235,257	very
274,242,335,242,335,252,274,253	deviations.
128,254,128,240,174,240,174,254	contain
11,256,11,240,41,240,41,256	fully
235,255,235,239,271,239,271,255	small
174,255,175,239,205,240,204,256	only
71,253,71,240,92,240,92,253	the
42,239,71,239,72,254,42,255	fool
317,236,317,225,366,226,366,237	success-
11,225,44,224,45,235,11,236	more
275,236,275,222,313,222,313,236	which
219,223,272,221,273,237,220,239	samples
139,221,219,221,220,236,139,237	coff-manifold
47,235,47,221,105,221,105,235	deceitful
110,221,138,220,138,236,110,237	The
347,206,368,205,369,218,348,219	are
102,206,137,206,137,219,102,219	users,
140,218,140,205,191,205,191,218	showing
297,206,346,206,346,218,297,219	samples
219,205,294,204,294,217,219,218	ton-manifolds
11,204,39,203,39,220,11,221	ples
193,219,193,204,219,204,219,219	that
39,205,80,204,80,217,39,218	fooled
80,204,101,202,102,217,81,218	the
336,201,336,189,368,189,368,201	sam-
80,200,81,187,117,189,116,202	users;
275,187,332,187,333,199,275,199	f-manifold
11,200,11,186,52,186,52,200	fooled
255,199,255,186,281,187,280,200	off-n
159,201,159,185,209,185,209,201	8469%
122,186,157,186,157,200,122,200	while
55,187,76,186,76,200,56,200	the
231,186,252,185,253,200,231,201	the
210,200,210,185,229,185,229,200	bof
317,169,368,168,368,183,318,184	samples
241,171,313,170,313,180,241,181	on-manifold
14,179,14,169,116,171,115,181	distinguishability,
215,182,215,168,236,168,236,182	the
148,181,148,168,195,168,195,182	94.63%
122,168,145,167,145,182,122,183	but
197,182,197,167,215,167,215,182	oft
274,164,274,152,294,152,294,164	sare
222,152,272,150,273,166,222,167	samples
295,164,295,151,332,151,332,164	tested
125,162,125,152,184,152,184,162	f-manifold.
90,165,90,151,105,151,105,165	vs
348,164,349,150,369,153,367,166	In-
189,164,189,150,221,150,221,164	Both
106,151,130,150,131,162,107,164	soff-nam
13,151,86,151,86,162,13,163	on-manifold
334,163,334,151,346,151,346,163	in
269,145,269,133,311,133,311,145	further
210,149,211,131,243,132,242,150	[50J
198,146,199,133,211,135,210,147	in
137,147,137,133,193,133,193,147	(80.83%)
35,134,96,133,96,145,35,146	white-box
246,147,246,132,267,132,267,147	We
98,145,99,132,135,133,135,146	attack
11,132,33,132,33,147,11,148	the
342,132,369,132,369,146,342,146	into
312,146,312,131,342,131,342,146	rlook
146,128,147,115,195,117,195,130	average.
125,128,125,116,144,117,143,129	on
50,117,71,116,71,128,50,128	are
260,128,260,116,290,116,290,128	even
294,118,366,116,367,127,294,128	outperforms
12,130,12,115,46,115,46,130	bility
204,127,204,115,257,115,257,127	BASAR
91,114,121,114,121,128,91,128	90%
74,129,74,114,92,114,92,129	89.
271,109,271,97,364,99,364,110	Indistinguisha
211,98,251,97,251,110,211,111	results
88,110,88,97,135,97,134,111	Imotion.
38,110,38,97,85,97,85,110	original
138,111,138,97,184,98,183,112	Finally
253,110,253,96,269,96,269,110	soft
187,97,208,96,208,110,188,111	the
11,110,11,95,36,96,36,111	and
239,80,291,79,291,93,240,94	between
178,92,178,79,237,79,236,93	dynamics
317,92,317,80,368,80,368,93	attacked
75,92,76,78,134,80,133,93	similarity
12,92,12,78,50,79,50,93	forces
137,93,137,78,153,78,153,93	of
51,79,73,78,74,92,52,93	the
153,78,175,77,175,93,154,94	fthe
292,78,314,77,315,93,292,93	the
346,74,347,62,367,63,366,76	en-
170,75,170,62,193,62,193,75	are
134,63,172,61,173,76,135,79	poses
192,63,211,62,211,75,193,76	CON
83,63,111,62,112,75,83,75	sure
43,74,43,62,82,62,82,74	makes
236,74,236,62,291,62,291,74	manifold,
11,76,12,59,40,61,39,77	only
319,74,319,60,345,60,345,74	talso
296,74,296,60,318,60,318,74	,but
211,61,234,59,234,75,212,76	the
111,75,111,60,134,60,134,75	the
346,56,346,44,369,45,369,57	not
204,46,220,45,221,56,205,57	as
283,44,343,43,343,57,283,58	projection
224,56,224,43,279,43,279,56	manifold
111,44,202,43,202,56,111,57	understandable
13,44,57,43,58,55,13,57	natural
64,42,94,41,95,57,64,58	This
96,43,106,43,107,55,97,56	is
335,28,367,27,368,37,335,39	more
321,38,321,28,334,28,334,38	as
12,43,12,25,41,25,41,43	very
268,26,318,25,319,39,268,40	samples
100,39,100,25,150,25,150,39	subjects
191,26,267,25,267,38,192,38	lon-manifolds
151,26,190,25,191,39,151,40	regard
41,26,73,25,73,39,41,40	yclear
72,38,73,23,99,24,98,39	thats
349,17,350,11,359,13,357,19	It1
357,12,361,9,365,16,361,19	is
124,9,163,8,164,21,125,22	shows
189,22,189,7,232,7,232,22	results
254,20,254,8,332,8,332,20	Naturalness.
235,21,235,8,249,8,249,21	of
82,23,83,6,110,8,109,24	Fig.
11,22,11,7,39,7,39,22	tics.
44,21,45,6,79,7,79,22	Next,
166,22,166,6,188,6,188,22	the
89,2,94,1,94,3,89,4	-
342,4,342,0,362,0,362,4	the
331,3,331,1,338,1,338,3	-
284,5,284,0,332,1,332,6	and
194,6,194,0,224,0,224,6	and
59,0,74,0,74,4,59,4	the
