0,593,0,566,60,566,60,593	gner,
222,585,223,559,368,563,367,590	evaluating
435,563,586,562,586,587,436,587	robustness
77,592,78,557,214,560,213,595	Towards
377,559,426,557,428,587,379,590	the
368,558,368,520,420,520,420,558	pp.
147,522,267,521,267,548,147,549	(CVPR),
2,551,2,519,129,520,129,553	Recognit.
279,547,280,515,363,519,361,551	2020
489,547,489,516,569,516,569,548	-271
430,547,430,516,490,516,490,547	262
229,505,229,482,376,483,376,505	robustness
58,505,58,479,213,481,213,507	adversarial
461,504,463,477,541,480,540,507	Proc
551,506,551,477,600,478,600,507	IEL
0,478,41,476,42,507,0,509	for
371,438,427,436,428,465,372,467	and
266,468,267,436,353,438,352,470	Khan
66,436,158,435,158,468,67,469	Hayat
483,437,583,437,583,463,484,464	Porikli,
8,467,8,436,58,436,58,467	M
227,434,227,398,279,398,279,434	pp.
364,396,459,395,459,425,364,427	-3822,
470,425,470,394,552,395,552,426	2021
103,397,163,394,165,424,105,428	vol
2,423,3,395,93,398,92,427	media,
289,424,290,394,363,395,363,426	3807
173,425,174,394,225,396,224,427	24
44,364,128,362,129,383,44,385	aware
4,384,7,360,30,363,27,387	ly
331,383,331,359,485,360,485,383	adversarial
203,383,204,357,314,361,313,386	stealthy
500,381,500,356,596,358,595,383	denoise
140,384,140,356,195,356,195,384	and
458,338,458,334,461,334,461,338	I
460,335,460,332,463,332,463,335	I
565,344,566,322,600,323,600,345	ran
447,322,496,316,499,341,450,347	W.
311,341,311,319,348,319,348,341	W
2,344,3,312,139,314,139,347	Juefei-Xu,
354,351,355,313,437,314,437,352	Feng,
493,346,494,313,559,314,558,347	Lin,
149,345,150,313,238,314,237,347	S.W.
238,314,301,313,301,347,239,348	Lin
23,294,26,292,28,294,26,297	I
396,304,397,275,596,280,595,309	Representation
290,300,291,271,386,273,385,303	Learn.
140,273,194,272,194,302,140,303	Int
53,303,53,273,130,274,129,304	Proc.
197,307,198,270,281,273,280,310	Conf
11,293,19,274,40,282,32,301	in
510,235,564,233,565,260,511,263	and
333,263,334,237,498,238,498,264	Explaining
187,265,188,231,311,235,310,269	Szegedy
81,233,135,233,135,262,81,263	and
1,262,1,233,68,234,67,263	lens,
4,196,111,195,111,220,4,222	atations,
128,222,128,190,217,190,217,222	2014
382,156,511,155,511,178,382,179	networks,
81,155,223,150,224,181,82,186	properties
281,178,281,152,370,152,370,178	neural
0,185,1,149,72,154,69,190	uing
235,179,235,151,272,152,272,180	OF
267,113,362,112,362,141,267,142	Bruna,
52,116,76,116,76,138,52,138	I
414,138,415,111,509,113,509,140	Erhan,
82,136,82,115,221,117,220,138	Sutskever,
0,141,0,110,47,113,45,143	ba,
547,110,595,107,596,139,549,141	Go
37,61,38,32,286,33,286,62	REFERENCES
