0,589,0,565,27,565,27,589	ne
237,588,237,562,329,562,329,588	neural
35,563,186,563,186,588,35,589	robustness
194,588,194,558,232,558,232,588	NOFF
102,546,103,517,168,520,167,549	271.
30,548,31,516,89,518,88,549	262
156,506,156,479,235,479,235,506	IEEE
63,503,65,476,139,481,137,508	Proc
249,511,250,475,326,477,325,513	Conf
16,506,17,478,50,478,49,507	in
227,454,227,452,230,452,230,454	-
232,452,234,450,236,452,234,454	a
315,450,318,450,318,456,315,456	I
222,449,222,447,224,447,224,449	-
82,438,183,436,183,465,82,466	Porikli,
215,446,215,444,217,444,217,446	a
0,440,30,438,31,464,0,466	d
262,438,321,436,322,466,263,467	self
207,451,212,434,244,444,239,461	A
72,425,73,395,148,398,147,428	2021.
0,425,0,394,61,397,60,428	822,
221,383,222,357,313,360,312,386	attack,
0,357,84,356,85,384,0,384	rsarial
98,356,208,355,208,383,98,384	denoise
57,334,57,332,59,332,59,334	I
60,334,60,331,63,331,63,334	I
58,333,60,331,61,333,59,334	a
5,326,43,323,45,346,7,349	ng,
47,324,91,317,94,338,51,345	W.
226,343,226,315,268,316,268,344	YI
166,316,222,313,223,342,168,344	and
97,345,97,315,159,315,159,345	Lin
267,345,267,314,324,314,324,345	Liu,
2,276,230,276,230,303,2,303	Representations,
247,302,247,273,319,274,319,303	2015.
1,261,2,233,101,237,99,265	laining
172,262,173,234,328,236,327,265	harnessing
111,262,111,233,166,233,166,262	and
3,178,3,155,111,155,111,179	etworks,
189,153,267,153,267,182,189,182	Proc
278,179,280,152,324,155,322,182	Int.
145,152,183,151,184,181,146,181	in
16,140,16,113,108,113,108,140	Erhan,
152,113,321,112,321,137,152,137	Goodfellow
