487,584,490,582,492,586,489,587	I
77,597,77,571,120,571,120,597	on
315,572,445,571,445,592,315,592	networks,
212,592,212,569,302,569,302,592	neural
520,594,522,562,600,566,599,598	Proc
481,594,481,568,515,568,515,594	in
128,595,129,565,201,567,200,597	deep
482,526,596,525,597,559,482,560	example
316,552,317,528,471,531,471,554	adversarial
83,530,256,529,256,549,83,550	distributions
269,525,304,524,305,553,270,554	of
277,506,277,495,280,495,280,506	I
461,517,462,485,561,489,559,521	Zhang,
271,512,272,487,313,489,311,514	L.
171,514,171,487,220,487,220,514	L.
318,518,319,484,407,487,406,521	Wang,
73,490,122,485,124,510,76,515	YI
12,522,12,483,63,483,63,522	[8]
429,489,456,486,459,512,431,514	The
207,517,207,484,266,485,265,518	Li
115,514,116,484,170,485,169,515	Li
462,471,463,444,570,447,569,474	Learn.
360,471,361,444,451,444,451,472	Mach
118,473,118,443,195,443,195,473	Proc.
207,472,209,439,263,442,261,475	Int.
77,471,77,443,114,443,114,471	in
265,477,266,439,352,441,351,478	Conf
155,432,156,409,234,410,233,433	sense
283,432,283,407,399,407,399,432	security
78,404,148,403,148,431,79,432	false
414,405,597,402,597,426,414,429	Circumventin
240,433,240,403,277,403,277,433	coffs
270,387,270,383,273,383,273,387	I
279,380,288,380,288,385,279,385	the
277,384,277,381,281,381,281,384	the
277,375,277,371,280,371,280,375	I
441,364,495,362,496,392,442,394	and
72,364,122,363,122,390,72,391	All
318,391,318,362,424,362,424,391	Carlini,
266,367,307,366,307,389,266,390	N
20,377,21,369,53,370,53,379	L771
129,392,131,358,249,365,247,399	Athalye
337,332,367,331,368,352,338,354	pp.
79,352,80,320,221,324,220,356	workshop,
442,348,442,321,511,323,510,349	-112
239,351,239,320,325,321,325,353	2018
339,310,339,283,436,284,436,311	world,"
197,286,315,281,317,310,198,315	physical
511,310,512,281,592,282,591,312	Proc.
128,281,176,281,177,311,128,312	the
463,303,465,284,492,287,490,306	in
548,244,597,242,598,270,549,272	and
72,243,120,243,120,268,72,268	A
13,242,62,241,63,276,14,277	[6]
353,270,353,241,526,242,526,271	Goodfellow,
266,270,266,240,349,241,348,271	LIVE
132,241,256,240,256,269,132,270	Kurakin,
258,220,258,217,263,217,263,220	I
251,218,251,215,254,215,254,218	I
590,215,590,212,593,212,593,215	I
80,226,80,202,212,202,212,226	networks,
463,233,465,198,549,202,547,237	Symp.
286,228,286,199,364,201,363,230	Proc
372,229,373,198,456,201,455,232	IEEE
249,222,250,203,272,204,271,223	in
559,227,562,196,600,201,599,232	Se
51,177,51,174,54,174,54,177	I
348,189,349,163,457,164,457,191	Wagner,
478,160,595,159,595,189,478,190	Toward
73,160,122,159,123,189,74,190	N
11,158,63,156,64,195,13,197	15]
234,188,234,159,287,159,287,188	and
124,161,225,158,225,185,125,188	Carlini
578,125,590,125,590,128,578,128	and
397,147,398,114,530,119,529,152	Recognit
79,149,79,118,201,119,200,151	Comput.
279,144,279,118,383,120,383,145	Pattern
208,118,272,115,274,151,209,154	Vis.
252,82,379,80,380,109,252,112	approach
457,81,596,81,596,103,457,104	adversaria
78,78,234,75,235,106,78,109	supervised
392,75,443,74,444,106,393,108	for
465,68,466,36,559,39,558,71	Hayat,
306,67,306,37,391,37,391,67	Khan
136,65,137,38,241,39,241,66	Naseer,
76,68,76,36,127,36,127,68	M
16,62,17,40,56,42,54,65	[4]
405,37,458,36,459,66,406,67	M
269,24,270,4,311,6,310,26	on
324,19,324,3,492,5,492,22	Multimedia,
170,22,170,0,259,3,258,26	Trans
508,0,563,0,564,25,509,27	vol.
79,23,79,1,160,1,159,24	IEEE
