470,591,472,568,575,576,573,599	Learn.
0,594,0,566,48,568,47,596	rks,
121,594,123,563,197,567,196,597	Proc
82,572,109,570,110,589,83,590	in
366,592,367,562,459,566,458,596	Mach.
208,596,210,562,266,564,265,598	Int.
270,597,272,560,357,564,355,600	Conf
285,556,285,529,326,529,326,556	an
80,529,219,525,220,558,81,562	examples
0,529,73,527,74,552,0,555	sarial
485,551,485,529,593,530,592,552	black-b
336,527,470,526,470,553,336,554	improved
227,524,278,522,279,555,228,557	for
256,497,256,494,259,494,259,497	is
391,488,524,486,525,512,391,515	Nattack:
177,487,231,485,232,514,178,516	and
60,513,62,484,161,490,159,520	Zhang,
536,486,597,483,599,515,538,518	Leaf
281,519,281,484,374,485,373,521	Gong,
244,510,244,489,276,489,276,511	B.
271,482,271,450,318,450,318,482	pp.
62,473,63,443,170,446,169,475	Learn.
181,475,181,442,263,443,263,475	2018
0,474,0,443,55,444,55,475	ach.
332,472,332,443,462,443,462,472	274-283.
570,431,574,407,600,412,600,436	lex
437,405,561,404,561,431,437,432	dversarial
406,431,406,406,442,406,442,431	adv
238,433,238,406,358,406,358,433	defenses
365,407,397,404,400,431,368,434	stop
12,432,13,403,228,407,227,436	Circumventing
163,396,163,363,276,365,276,398	Wagner,
489,366,596,363,597,392,490,395	gradien
296,367,470,366,470,388,296,389	Obfuscated
41,391,42,364,96,365,96,392	and
20,331,24,331,24,335,20,335	I
33,347,33,321,110,323,109,349	-112
496,315,497,282,599,283,599,317	Repres
380,311,380,282,474,282,474,311	Learn
112,309,112,282,187,283,187,311	Proc.
208,310,210,279,263,282,261,313	Int.
277,313,279,275,360,280,358,318	Conf
61,299,62,283,93,286,92,302	in
238,260,238,256,241,256,241,260	I
234,257,243,252,248,262,239,267	I
3,245,125,243,125,269,3,271	odfellow,
264,270,265,241,371,244,370,274	Bengio,
149,270,150,241,204,242,203,272	and
394,270,394,243,576,243,576,270	Adversarial
263,230,264,198,375,202,374,233	Privacy
0,229,0,200,58,201,57,229	CEE
386,237,386,197,462,197,462,237	(SP),
64,232,65,198,147,201,146,235	Symp
472,230,473,197,551,199,551,231	2017
163,229,163,198,251,198,251,229	Secur
0,192,0,165,62,165,62,192	gner,
436,186,437,164,584,165,584,187	robustness
222,185,222,162,368,164,367,187	evaluating
150,187,150,161,212,161,212,187	vards
377,159,426,159,426,191,377,191	the
73,190,74,158,153,160,152,192	Towa
368,123,421,121,423,157,370,159	pp.
0,146,2,114,129,121,128,152	Recognit.
144,119,269,118,269,151,144,151	(CVPR),
279,147,280,116,363,119,362,150	2020
488,145,489,118,566,120,565,147	-271
429,146,430,114,490,116,489,148	262
227,106,228,81,384,84,383,109	robustness,
58,105,58,79,214,79,214,105	adversarial
462,107,462,78,539,79,538,107	Proc.
551,76,600,76,600,107,551,107	IEL
0,79,41,75,44,106,0,110	for
232,46,239,46,239,53,232,53	I
484,65,484,39,583,39,583,65	Porikli,
65,71,66,36,162,38,161,72	Hayat,
370,38,425,35,427,63,372,66	and
266,70,266,37,355,37,355,70	Khan
8,67,9,34,58,35,57,68	M
229,33,229,2,278,2,278,33	pp.
290,26,290,0,361,0,361,26	3807
2,23,3,0,93,4,92,27	media,
472,23,472,0,553,0,553,24	2021
367,26,367,0,458,0,458,26	-3822,
107,26,107,0,165,0,165,26	vol.
177,20,181,0,224,3,219,28	24,
