151,586,151,584,153,584,153,586	Webber's
307,580,309,578,311,580,309,582	I
307,581,307,579,309,579,309,581	In
282,599,285,572,320,575,318,600	pp.
72,592,73,568,172,572,171,596	Learn.,
0,594,1,565,61,568,60,597	ach.
189,594,190,567,260,568,260,595	2019,
243,530,328,528,329,553,243,555	attack
84,530,228,528,228,553,84,555	black-box
0,553,0,527,75,527,75,554	oved
283,487,329,487,330,514,283,515	the
1,490,126,486,127,513,2,517	Nattack:
140,513,140,485,270,487,269,515	Learning
2,472,4,440,59,444,57,475	283.
169,411,304,408,304,434,170,437	lexamples,
7,428,7,406,162,407,161,430	adversarial
320,376,320,374,321,374,321,376	I
319,378,319,373,323,373,323,378	I
0,367,75,365,76,392,0,393	cated
235,366,297,363,299,394,236,397	give
90,366,221,363,222,390,90,393	gradients
3,308,4,290,76,291,76,309	earn.
100,284,330,283,330,310,100,312	Representations
189,273,189,241,327,241,327,273	examples
4,265,5,244,175,245,174,266	Adversarial
176,228,176,226,178,226,178,228	I
280,222,280,220,282,220,282,222	the
165,206,204,205,205,237,166,238	pp.
271,228,271,202,316,202,316,228	-57.
73,230,73,199,148,199,148,230	2017,
0,231,1,197,57,200,55,235	SP),
223,199,265,198,266,232,224,233	39_
0,166,28,166,29,189,0,189	ne
238,186,238,163,328,164,327,187	neural
36,186,36,163,185,163,185,186	robustness
194,158,232,157,233,188,195,190	soft
101,145,102,118,167,121,166,148	-271
31,149,31,117,87,117,87,149	262
63,105,64,77,141,80,139,108	Proc.
157,102,158,79,234,82,233,106	IEEE
249,113,249,75,326,76,326,114	Conf
16,107,16,78,50,78,50,107	in
263,38,322,36,322,66,263,67	self
82,38,184,36,184,64,82,66	Porikli,
0,40,30,39,31,64,0,66	d
206,53,211,35,243,43,239,61	CA
72,1,146,1,146,25,72,25	2021.
0,27,0,0,60,0,60,27	822,
