288,291,391,287,392,316,290,321	against
173,291,270,290,270,316,174,317	attacks
12,289,157,288,157,318,12,320	black-box
541,288,599,288,599,317,542,318	lear
404,316,404,290,530,290,530,316	machine
387,276,389,245,445,249,443,280	Jha
6,248,79,248,79,275,6,276	daniel,
147,252,316,249,316,274,148,277	Goodfellow,
142,193,143,169,200,173,198,197	Proc.
121,190,122,170,152,171,151,191	Pr
470,192,471,168,570,171,569,196	Learn.,
0,169,44,168,45,195,0,195	rks,
367,194,368,164,460,167,459,197	Mach.
213,194,215,166,264,169,262,197	Int.
277,197,279,162,354,166,352,202	Conf
79,195,81,165,113,167,111,197	in
288,154,288,133,325,133,325,154	an
483,127,600,126,600,156,483,158	black-b
82,156,82,124,219,126,218,158	examples
333,126,475,124,476,154,333,156	improved
0,127,72,126,72,152,0,153	sarial
232,154,232,124,277,125,277,155	for
438,109,438,107,440,107,440,109	-
264,95,264,94,266,94,266,95	I
63,112,65,82,160,90,158,120	Zhang,
287,118,288,84,375,86,374,120	Gong
398,87,527,84,528,115,399,118	Nattack
248,89,274,87,275,107,250,109	B.
178,85,235,84,236,114,178,115	and
537,84,600,84,600,116,537,116	Lea
396,92,396,90,398,90,398,92	the
395,95,395,89,402,89,402,95	6.
270,50,311,47,314,79,273,82	pp.
63,72,64,47,170,49,169,75	Learn.,
0,72,0,44,55,46,54,75	ach.
331,71,332,44,407,48,405,75	274-2
180,71,183,40,264,46,262,77	2018
404,72,405,41,457,44,455,74	-283.
582,27,582,25,583,25,583,27	I
576,34,576,11,600,11,600,34	ex
14,31,14,8,227,10,227,33	Circumventing
366,7,398,5,399,32,367,33	to
236,32,236,1,361,4,360,34	defenses
406,8,562,7,562,30,406,32	adversarial
