143,316,144,287,266,291,265,320	learning,
4,316,4,287,130,287,130,316	machine
300,314,300,289,329,290,328,315	in
0,279,0,249,47,250,47,280	ha,
276,250,330,249,330,274,277,275	and
170,275,170,249,255,249,254,275	Celik,
280,172,320,171,321,204,281,205	pp.
71,193,72,167,170,171,169,196	Learn.,
1,195,1,167,59,168,58,196	ach.
189,167,261,166,261,197,189,198	2019,
243,154,243,128,327,128,327,154	attack
0,129,75,127,75,153,0,155	oved
84,155,84,126,230,126,230,155	black-box
284,113,285,86,330,87,329,113	the
0,87,128,85,128,115,0,118	Nattack
139,115,140,83,271,87,270,119	Learning
1,72,3,42,57,44,56,74	283.
169,35,170,3,306,5,305,37	lexamples,
4,3,163,0,164,32,5,34	adversarial
