570,291,570,290,572,290,572,291	I
167,280,262,279,262,299,168,301	success
279,298,279,277,331,277,331,299	rate.
77,298,77,274,150,275,150,299	attack
464,275,557,273,558,301,464,302	sample
20,297,20,275,60,275,60,297	the
350,273,431,271,432,300,351,302	Based
564,298,565,275,586,275,586,298	is
522,238,597,236,597,264,523,266	sampl
467,238,507,237,507,260,468,260	the
360,258,360,236,430,237,430,259	could
183,236,295,235,296,260,183,261	direction
88,237,173,235,174,260,89,263	update
1,260,1,235,80,235,80,260	adient
304,235,353,234,354,260,304,261	and
467,222,467,203,533,204,533,222	more
0,204,94,202,95,226,1,227	uggests
175,226,175,199,324,199,324,227	aggregating
544,227,545,197,599,199,599,228	grad
112,222,112,201,160,201,160,222	that
341,222,341,198,430,198,430,222	similar
468,168,584,165,585,185,468,188	segments.
19,144,19,126,54,126,54,144	on
463,150,464,121,583,123,583,152	sampling
245,143,245,121,351,121,351,143	different
173,120,228,119,228,142,173,144	with
66,143,67,120,158,122,158,146	models
362,147,363,117,431,119,430,149	input
477,98,477,96,479,96,479,98	a
539,91,587,90,587,109,539,110	can
236,88,304,88,304,105,236,106	same
4,88,108,87,108,107,4,108	egments
310,112,310,81,430,82,430,112	sampling
187,106,187,83,227,83,227,106	the
467,109,468,84,497,85,496,110	it.
120,82,177,80,178,105,121,106	with
225,59,225,58,226,58,226,59	-
538,71,538,51,573,51,573,71	on
226,57,226,55,228,55,228,57	I
0,68,0,49,36,49,36,68	over
465,45,534,44,534,75,465,76	point
89,69,89,48,119,48,119,69	as
172,66,172,46,269,48,268,68	number
124,45,166,45,166,68,124,69	the
312,68,312,43,430,43,430,68	iterations
41,68,42,41,86,43,85,69	0.6
274,69,274,42,307,43,307,69	rofi
229,30,230,12,276,13,276,31	can
284,31,284,11,326,12,326,31	see
0,14,37,11,38,29,1,32	wn
463,37,465,8,515,11,513,40	Fig
556,9,596,8,596,33,556,34	for
334,31,334,8,383,8,383,31	that
170,31,170,7,225,7,225,31	One
390,8,431,7,432,31,390,32	the
75,35,77,4,124,7,122,38	Fig.
42,31,42,7,73,7,73,31	in
