48,591,48,587,52,587,52,591	a
542,593,542,587,545,587,545,593	I
466,600,466,581,523,582,523,600	with
49,589,49,585,52,585,52,589	I
537,600,537,579,597,580,597,600	different
43,600,43,581,66,581,66,600	to
0,600,0,579,35,579,35,600	set
162,600,162,578,300,578,300,600	experiment
309,600,309,577,381,577,381,600	tested
103,575,155,575,155,600,103,600	The
389,600,389,575,433,576,432,600	the
467,567,468,546,595,547,595,568	adversaria
287,564,288,537,430,541,429,568	importance
125,564,125,537,174,537,174,564	and
236,537,281,537,281,563,236,563	All
520,530,520,506,597,507,596,530	Althous
464,537,464,503,506,503,506,537	ity
333,529,333,506,429,507,429,530	average
155,501,267,499,267,524,155,525	calculate
29,530,29,499,88,499,88,530	[25]
277,499,321,499,321,526,277,526	the
94,499,146,499,146,525,94,526	and
521,493,523,465,599,468,598,497	Idesign
466,468,515,467,515,493,466,494	and
204,490,204,464,237,464,237,490	on
140,494,141,460,200,461,199,495	[22]
289,485,290,464,428,465,428,485	benchmark
40,463,137,462,137,488,41,488	Rawnet
240,462,283,460,285,488,241,490	the
0,463,35,462,35,487,0,488	dell
464,457,464,433,502,433,502,457	on
325,455,325,434,367,434,367,455	ens
551,456,551,429,599,429,599,456	adv
505,430,546,428,548,454,507,456	the
0,454,0,429,33,429,33,454	ess
37,427,95,425,96,451,38,453	rate
157,450,158,423,252,426,251,454	employ
371,456,372,422,432,424,431,458	[50]
258,452,258,423,326,423,326,452	PGD
102,423,149,422,150,453,102,454	We
538,393,598,393,599,416,539,417	chall
464,392,532,389,533,423,466,426	quite
86,392,232,390,232,415,86,416	aggregating
240,388,307,387,307,412,240,413	these
312,389,428,387,429,414,313,417	gradients
30,412,30,385,79,386,79,413	and
465,381,465,352,516,352,516,381	and
522,352,566,350,568,380,524,382	the
153,354,224,352,224,374,153,375	same
231,352,349,351,349,378,231,379	sampling
360,351,430,350,430,374,360,375	value
35,375,35,348,93,348,93,375	with
103,375,103,349,146,349,146,375	the
513,316,599,315,599,344,514,345	f-splicin
82,316,143,315,144,339,82,339	case,
465,342,465,312,523,312,523,342	self-s
159,338,159,315,199,315,199,338	we
328,312,378,312,379,336,328,337	that
22,336,22,312,73,312,73,336	that
209,314,316,312,317,334,209,337	consider
388,311,431,310,432,337,388,338	the
467,282,578,281,578,302,468,303	expected
234,293,235,279,250,280,249,294	to
313,276,428,275,428,301,314,302	gradients
1,297,1,275,83,275,83,297	radient
130,274,216,273,216,295,130,296	similar
261,273,304,271,306,299,262,301	the
552,267,552,239,595,239,595,267	the
494,267,494,237,546,237,546,267	For
517,227,517,201,588,204,587,229	audio
463,203,507,199,510,227,465,231	the
71,217,71,204,88,204,88,217	as
1,219,1,195,53,195,53,219	lient
331,220,331,193,379,193,379,220	and
583,186,583,175,597,175,597,186	a1
468,191,468,166,564,166,564,191	median,
243,159,343,156,344,182,244,185	gradient
51,158,98,157,98,182,52,182	and
389,156,432,155,432,183,389,184	the
139,182,139,156,187,156,187,182	and
193,183,193,155,235,155,235,183	the
354,182,354,156,384,156,384,182	of
466,151,466,126,535,126,535,151	value
544,149,546,126,573,128,572,151	of
392,125,431,123,432,146,393,148	we
22,124,78,123,78,145,22,145	ease
191,145,191,122,372,122,372,145	representation,
95,125,119,119,123,134,99,140	of
133,118,177,116,178,145,135,146	the
275,99,275,95,278,95,278,99	I
273,99,273,95,275,95,275,99	I
270,99,270,95,273,95,273,99	the
486,95,500,83,519,106,505,118	for
526,113,527,85,574,88,573,116	and
301,107,301,81,367,81,367,107	these
171,84,250,80,252,106,172,109	values
374,106,374,80,431,80,431,106	four
68,82,159,79,161,108,69,112	sample
262,104,262,82,288,82,288,104	of
18,79,62,78,64,107,19,109	the
467,51,533,50,533,80,468,80	input
536,80,536,49,598,50,598,81	tleng
383,69,383,44,430,44,430,69	and
202,75,206,36,287,43,283,82	In)In
323,76,325,37,375,41,372,80	is]
34,41,128,33,132,77,37,85	Slay
466,39,466,16,500,16,500,39	an
506,38,506,15,595,16,595,39	ensemb
