12,592,23,592,23,598,12,598	20
52,598,52,586,145,588,145,600	training
213,584,292,580,293,600,214,600	model
2,591,5,586,10,589,7,594	16
396,600,397,582,463,586,462,600	include
307,586,384,582,385,600,308,600	would
157,581,204,580,205,600,158,600	the
3,570,4,546,119,547,119,571	tegrating
228,546,323,546,323,567,228,568	number
153,574,153,541,220,542,219,575	large
371,566,372,543,461,545,460,568	models
333,568,334,541,366,542,365,569	off
11,512,60,511,60,531,12,532	can
246,530,247,508,418,510,418,532	transferability
189,507,231,505,232,530,190,533	the
69,533,70,503,178,505,178,535	improve
436,531,436,506,463,506,463,531	of
31,496,31,470,149,470,149,496	algorithm
309,470,456,467,457,488,310,491	transferabil
192,495,193,466,300,469,300,498	improve
159,471,186,468,188,491,161,494	to
72,434,154,433,155,458,72,459	appear
371,431,462,431,462,459,371,459	sample
238,431,366,428,366,455,239,458	processed
11,430,63,430,63,454,11,455	will
192,457,192,429,235,429,235,457	the
160,432,188,431,189,453,161,454	in
271,395,387,392,388,422,271,425	sampling
143,394,264,392,264,417,143,419	particular
36,393,111,392,112,417,37,418	where
395,393,462,390,464,419,396,423	point
448,369,448,363,456,363,456,369	icc
3,358,89,358,89,379,4,379	cannot
243,379,243,355,393,357,392,381	beforehand.
407,368,408,355,440,359,438,372	Tte
142,351,231,350,231,379,143,380	known
97,381,97,351,135,351,135,381	be
372,318,460,318,461,341,372,341	models
101,346,101,315,181,315,181,346	length
231,341,231,315,357,315,357,341	black-box
25,346,25,315,92,315,92,346	input
192,342,193,314,223,315,222,343	of
433,304,434,284,465,286,464,306	or
101,279,229,278,229,307,102,308	capability
244,280,302,280,303,303,244,304	after
0,303,1,276,90,280,89,307	tacking
316,305,318,276,421,280,420,309	clipping
422,246,463,245,464,265,422,266	are
15,247,123,242,124,265,16,270	scenario,
287,245,324,241,327,267,290,271	Lexa
320,241,410,239,411,268,320,269	xamples
144,242,280,240,280,264,144,265	adversarial
91,204,182,203,182,227,91,227	dataset.
3,203,79,202,79,226,4,226	f2021
186,191,187,162,268,165,267,194	length
96,167,130,166,131,190,97,191	on
280,164,424,163,424,189,280,190	distribution
137,191,137,163,182,163,182,191	the
13,163,87,162,87,189,14,191	based
434,191,434,162,465,162,465,191	of
209,153,209,131,238,131,238,153	as
357,130,457,127,458,152,358,155	quartile
162,128,201,127,202,152,162,153	set
10,153,10,128,151,130,150,155	empirically
297,151,297,125,349,125,349,151	first
244,128,286,124,289,151,247,155	the
10,104,15,104,15,107,10,107	the
52,115,52,93,204,93,204,115	respectively
253,89,410,86,411,113,254,117	experiments
420,90,465,89,466,114,420,116	the
1,96,42,86,49,115,8,124	ils,
214,115,214,87,251,87,251,115	In
31,77,31,75,34,75,34,77	the
31,75,31,72,34,72,34,75	the
29,70,36,70,36,78,29,78	I
293,80,293,49,385,51,384,82	lengths
50,76,51,50,98,51,97,78	and
128,59,140,47,154,61,142,73	Export
219,79,220,47,287,49,286,81	input
162,49,217,48,217,78,163,79	Their
392,76,392,50,425,50,425,76	soft
371,38,371,16,460,16,460,38	various
203,36,203,15,292,15,292,36	models
129,15,192,14,192,37,130,38	three
302,38,302,13,361,14,361,39	with
1,15,81,15,81,36,2,37	onsists
91,38,91,12,122,12,122,38	of
