62,589,63,560,132,562,131,591	stage
306,562,457,561,457,585,307,586	aggregation,
187,561,290,557,291,584,188,588	gradient
9,560,52,559,53,583,10,585	the
145,586,145,559,176,559,176,586	of
48,539,48,536,50,536,50,539	-
39,528,59,527,60,544,40,545	at
405,548,405,523,453,523,453,548	sub-
191,524,305,520,305,547,192,550	positions
355,549,355,521,398,521,398,549	the
0,524,28,522,30,546,0,548	ed
319,524,345,523,346,545,320,546	of
74,522,178,522,178,547,74,548	different
223,512,224,485,296,489,295,516	stage,
0,508,0,489,23,489,23,508	at
369,486,461,485,461,508,369,508	marked
36,486,94,485,95,509,37,509	after
311,486,355,484,356,509,312,511	the
105,484,149,483,150,510,105,511	the
160,483,214,482,215,508,160,509	first
401,471,402,448,464,449,463,472	trace
192,471,192,447,282,447,282,471	vertical
40,471,40,446,95,446,95,471	with
124,445,181,444,181,471,124,471	blue
345,471,345,444,395,444,395,471	and
290,445,341,444,341,470,290,471	line
90,414,131,412,133,435,91,438	we
371,409,462,408,462,436,371,437	sample
270,409,342,408,343,433,270,434	select
139,433,139,408,261,409,261,434	arbitrarily
1,435,2,408,78,410,78,437	inding,
346,394,346,372,425,372,425,394	shown
132,376,286,374,286,394,133,396	aggregation.
16,373,119,367,121,394,17,400	gradient
441,375,461,373,463,392,443,393	in
294,395,295,369,336,370,335,396	As
249,360,249,336,396,336,396,360	augmenting
57,359,58,336,232,339,232,363	"sub-segments,
405,334,463,333,463,357,405,358	with
26,354,26,333,51,333,51,354	of
398,297,465,295,465,319,398,320	three
244,297,344,295,344,318,244,319	consists
39,323,39,294,141,294,141,323	Overall
357,320,358,294,389,295,388,321	of
0,295,30,294,31,322,0,323	Is.
146,321,147,291,236,294,235,325	CSA
356,260,462,260,462,283,356,284	scenario
230,284,230,257,346,258,345,285	attacking
92,258,217,257,217,280,92,281	black-box
0,257,57,256,57,282,0,283	ulate
377,246,377,219,455,220,455,247	lissues,
44,221,118,219,119,242,45,244	tackle
175,244,175,221,368,222,368,246	aforementioned
125,220,167,218,167,244,126,246	the
2,217,38,216,39,245,3,246	Tot
213,206,213,181,295,182,295,206	model
0,208,0,179,39,183,37,211	hs,
308,183,384,180,385,205,309,208	would
47,205,49,178,147,183,146,209	training
395,206,395,179,464,179,464,206	incur
157,180,200,180,201,207,158,208	the
3,168,4,144,120,146,120,170	tegrating
228,145,324,143,324,167,229,168	number
371,167,372,143,460,145,460,168	models
153,173,153,141,220,142,219,174	large
333,167,334,140,366,142,364,169	coff
11,112,60,111,60,131,12,132	can
246,128,247,106,419,108,418,130	transferability
189,106,231,105,232,131,190,131	the
70,133,70,103,178,104,178,134	improve
435,131,435,105,463,105,463,131	of
168,82,170,80,172,82,170,84	and
169,81,169,78,171,78,171,81	I
31,70,149,66,149,91,32,95	algorithm
160,71,185,69,187,91,163,93	to
308,67,456,65,457,91,308,93	transferabil
192,96,193,66,300,66,300,96	improve
72,35,154,34,155,59,72,60	appear
370,34,461,31,462,57,371,60	sample
238,35,365,29,367,56,239,62	eprocessed
169,36,185,36,185,51,169,51	in
193,57,194,30,234,31,233,57	the
12,31,62,29,63,54,12,55	will
142,23,142,0,266,0,266,23	particular
272,2,388,0,388,23,273,24	sampling
394,23,395,0,465,0,465,23	point
39,2,110,1,110,16,39,17	where
