485,544,522,544,522,566,485,566	adv
132,572,134,539,223,545,220,578	gtt1
528,576,529,522,600,523,600,577	L(
536,430,537,390,600,390,600,431	gra
150,391,381,384,382,418,152,425	aggregation
56,420,56,383,134,383,134,420	The
459,421,459,383,524,383,524,422	the
394,379,449,378,450,422,395,423	off
43,367,43,325,255,326,255,369	aggregates
365,326,545,321,546,359,366,364	gradients
279,360,279,323,342,324,341,361	the
541,302,541,271,600,271,600,302	mc
69,269,243,261,245,305,71,312	example
358,302,359,258,524,263,523,307	multiple
0,300,0,263,61,264,60,301	ial
260,301,260,260,342,261,342,301	into
432,213,484,212,485,242,433,244	an
503,209,597,208,598,241,504,243	attac
284,242,285,204,413,207,412,245	attack,
49,208,265,205,265,237,49,240	adversarial
384,147,577,143,578,188,385,192	examples.
153,146,370,144,370,179,153,181	adversarial
7,148,133,147,133,178,8,179	werful
202,88,279,87,279,122,202,123	that
294,88,501,84,502,122,294,126	ensembles
76,86,179,84,179,119,77,122	show
520,123,522,79,573,81,571,125	of
352,24,460,23,461,67,352,68	[141
471,25,595,24,595,60,471,60	NIFG
161,61,161,24,345,24,345,61	TIFGSM
0,66,1,18,138,23,136,71	M[13],
