248,386,482,384,483,406,248,408	aggregating
101,409,101,380,213,380,213,409	works
0,379,81,376,82,411,0,414	ious
496,410,496,376,596,376,596,410	gradi
529,324,597,323,598,353,530,354	ens
335,354,336,317,516,318,516,355	attacking
67,354,68,316,256,317,256,356	examples
262,361,266,313,323,317,320,365	by
0,316,58,315,59,352,1,353	ial
180,267,237,265,238,291,181,294	we
256,256,408,253,409,297,257,300	attempt
478,300,478,253,600,254,600,301	impro
422,256,467,256,468,295,423,295	to
60,298,63,251,148,256,145,302	[48],
212,198,328,198,328,232,212,232	above
342,207,530,200,531,229,343,236	ensemble
133,233,133,197,197,197,197,233	the
60,238,64,195,118,200,113,244	by
0,196,56,195,56,233,0,233	ed
546,235,546,195,600,195,600,235	ad
111,179,113,134,199,137,197,182	sign
38,171,38,136,99,136,99,171	the
217,168,218,135,382,136,381,169	function
2,81,82,80,83,111,3,112	ents
341,80,564,73,565,111,342,119	parameters
197,110,198,71,326,74,325,113	model
105,111,105,72,183,72,182,112	and
573,37,573,35,575,35,575,37	the
364,51,364,14,511,15,511,52	models,
51,50,51,15,113,16,112,51	the
127,52,127,11,286,11,286,53	number
302,13,352,11,354,53,303,55	of
544,13,598,9,600,50,547,55	wi
