4,380,80,377,81,407,5,411	ting
97,405,97,375,274,378,274,409	gradients
405,409,405,376,574,376,574,410	different
291,411,292,373,388,374,388,412	from
3,354,5,312,119,319,116,360	cking
129,326,317,320,318,349,130,355	ensemble
502,351,502,315,597,315,597,351	How
331,315,476,315,477,350,332,350	models
81,295,83,255,254,260,252,301	improve
273,292,273,257,333,257,333,292	the
24,294,24,257,67,257,67,294	to
354,259,600,258,600,291,354,292	transferability
382,197,518,195,519,233,382,235	attacks
529,244,529,194,598,194,598,244	[51
0,198,133,196,133,233,0,235	semble
147,194,366,191,367,231,148,234	adversarial
382,96,382,93,384,93,384,96	the
381,91,384,89,385,92,382,93	the
383,91,383,89,385,89,385,91	the
386,90,388,88,389,90,387,92	I
384,90,386,88,388,90,386,92	-
389,89,389,87,391,87,391,89	the
352,86,367,83,371,103,356,106	i-
382,87,382,85,384,85,384,87	the
441,77,586,76,586,111,442,112	models,
267,77,328,76,329,110,268,112	the
0,79,162,78,162,109,0,109	rameters
373,108,373,75,420,76,419,109	-th
185,112,185,72,248,73,247,113	for
163,41,163,38,166,38,166,41	-
164,39,164,36,169,36,169,39	I
163,39,163,37,166,37,166,39	I
165,37,165,35,167,35,167,37	I
172,35,172,33,174,33,174,35	the
537,25,599,25,600,53,538,54	we
376,23,438,22,439,51,376,52	are
5,17,110,16,110,51,5,52	lodels,
457,50,457,14,520,15,520,51	the
219,13,294,12,295,51,220,53	and
144,20,197,10,203,44,150,54	wi
