192,383,405,378,406,409,193,414	aggregated
142,411,142,379,178,379,178,411	is
4,378,129,378,129,409,4,410	adient
52,351,52,317,180,318,180,351	shown
262,360,265,313,339,318,335,365	Fig.
200,316,243,315,245,352,201,354	in
190,257,407,252,408,289,191,294	adversarial
0,259,107,252,110,291,0,298	gation
128,295,128,252,176,252,176,295	of
115,225,115,223,117,223,117,225	the
121,224,121,221,123,221,123,224	I
119,222,119,220,121,220,121,222	the
109,226,111,217,126,219,125,228	1.
290,233,290,205,341,205,341,233	on
362,206,408,206,409,232,362,233	an
121,215,121,207,127,207,127,215	coin
156,196,272,195,273,233,156,234	based
0,196,84,195,85,234,0,235	oice
216,171,217,134,407,143,405,180	following
129,172,129,137,194,137,193,173	the
6,137,103,134,104,171,7,173	litate
3,78,99,77,99,113,3,114	ndex
170,77,232,76,233,112,171,114	the
242,122,243,73,410,76,409,126	clipping
111,115,111,72,161,72,161,115	of
0,22,116,20,116,52,0,54	gment
233,57,233,16,395,16,395,58	analysis.
145,52,147,13,209,16,207,55	for
