560,587,594,587,594,600,560,600	17
564,532,564,528,567,528,567,532	the
570,530,570,527,573,527,573,530	I
569,529,569,526,572,526,572,529	the
464,517,566,515,567,564,465,566	gs(g
348,519,394,518,395,555,349,556	to
556,534,570,519,578,527,564,542	the
352,457,519,456,519,495,352,496	function
531,461,573,458,575,495,533,497	is
472,442,472,397,595,397,595,442	sampl
352,438,352,395,456,395,456,438	input
227,421,227,390,275,390,275,421	as:
74,414,75,381,209,383,208,416	written
1,422,1,380,57,380,57,422	be
357,373,358,339,533,341,533,374	direction
76,326,292,324,292,358,76,360	adversarial
0,325,54,322,56,362,0,366	he
352,286,464,283,464,312,353,315	count
484,279,545,278,546,314,485,316	the
111,305,112,266,293,267,293,307	gradients
2,266,93,265,93,299,2,300	btain
531,228,593,226,595,257,533,259	we
354,255,355,219,502,219,502,256	Instead,
0,253,0,201,89,201,89,253	edly
231,241,231,205,295,205,295,241	the
106,242,107,201,214,203,213,244	feeds
532,159,595,157,596,194,533,195	val
355,161,518,159,518,195,355,196	absolute
156,144,293,139,295,182,158,187	typical
36,182,37,141,98,142,98,182	for
543,108,597,107,597,137,543,138	no
276,111,276,108,279,108,279,111	the
350,100,441,98,441,135,351,136	here
272,109,272,106,275,106,275,109	I
465,98,519,97,519,137,466,137	do
205,131,205,93,290,93,290,131	gen-
111,122,111,93,185,94,185,123	can
1,120,1,87,92,87,92,120	ients
546,76,546,43,596,43,596,76	att
355,48,524,42,525,72,356,78	versarial
3,56,3,28,181,30,181,58	VIFGSM
195,69,196,22,284,25,282,72	[21],
359,2,476,1,476,19,359,19	WICIC
560,14,560,2,588,2,588,14	is
