158,588,280,588,280,600,158,600	means
488,600,488,583,559,585,558,600	two
305,600,307,575,381,582,379,600	the
401,600,401,574,457,574,457,600	the
237,546,237,543,240,543,240,546	I
276,544,276,541,280,541,280,544	the
273,543,277,539,279,541,275,545	the
278,541,278,539,281,539,281,541	the
294,541,294,538,297,538,297,541	the
292,541,292,538,295,538,295,541	the
290,541,290,538,292,538,292,541	I
232,545,232,537,237,537,237,545	a
278,539,278,536,281,536,281,539	the
151,536,151,533,154,533,154,536	the
173,536,173,533,176,533,176,536	the
231,530,306,527,307,557,232,560	get
210,540,237,530,245,551,218,561	,go
449,550,449,527,572,529,571,552	means
273,534,273,531,275,531,275,534	the
269,531,276,529,278,540,271,541	the
158,532,158,529,161,529,161,532	the
146,532,146,529,150,529,150,532	-
193,528,203,528,203,534,193,534	N
64,563,65,514,198,515,197,564	GS(ga
362,516,434,513,435,557,364,559	0.5
427,495,427,463,473,464,473,496	or
186,499,187,459,327,461,326,501	merely
5,495,5,457,118,457,118,495	nction
132,496,134,457,176,459,175,498	is
544,496,544,457,600,457,600,496	Th
399,432,400,402,557,406,556,437	because
0,435,0,398,59,401,57,438	put
254,435,254,401,293,401,293,435	is
73,440,73,398,235,398,235,440	samples
309,438,310,394,384,395,383,439	0.5
353,375,353,339,414,339,414,375	the
166,379,168,331,317,337,315,385	Clearly
2,337,136,336,136,374,3,375	rection
439,340,599,335,600,379,441,384	gradient
0,283,64,281,65,314,1,316	unt
459,321,460,279,594,281,593,322	sampli
83,279,147,278,148,314,84,316	the
165,281,375,275,376,314,166,320	proportion
395,318,395,275,447,275,447,318	of
131,228,193,223,196,256,134,261	we
316,226,451,225,451,254,317,254	extract
0,257,0,217,107,218,106,259	stead,
558,257,558,220,597,220,597,257	si
214,255,215,216,298,217,297,257	first
474,256,474,216,539,216,539,256	the
134,195,134,159,241,159,241,195	value
383,160,547,151,550,194,385,202	gradient
308,197,308,158,374,158,374,197	the
2,162,118,160,119,193,2,195	solute
251,196,251,154,301,154,301,196	of
0,137,0,106,41,106,41,137	re
414,101,591,100,592,140,415,141	compute
144,136,144,103,212,103,212,136	not
239,132,242,91,386,101,383,142	directly
65,136,66,97,119,98,118,137	do
494,38,596,34,598,83,496,87	explored
302,81,302,35,479,38,478,84	typically
2,74,2,40,125,42,125,76	rsarial
147,44,281,42,282,75,148,77	attacks
427,12,427,6,431,6,431,12	the
209,3,408,2,408,16,209,17	laciusive
428,15,428,3,546,4,546,16	IVON,
154,19,154,1,191,1,191,19	pcs
2,15,2,0,77,1,76,18	ICIC
