313,588,380,587,380,600,313,600	Oron
28,589,46,586,47,598,30,600	has
188,586,285,584,286,600,188,600	innot
88,600,89,582,160,586,159,600	turns
373,599,373,581,488,581,488,600	dients
6,594,11,581,21,585,16,598	1
368,544,368,541,372,541,372,544	the
50,529,169,528,170,551,50,551	means
191,554,191,520,268,520,268,554	that
502,554,502,520,546,520,546,554	lar
355,550,358,519,389,522,386,553	is
559,519,597,518,598,554,561,555	to
405,516,504,515,505,553,405,553	simila
515,497,517,465,597,468,596,500	rang
25,465,74,463,75,497,27,499	or
243,458,348,457,348,493,243,494	value
145,458,224,457,225,494,146,495	The
424,496,425,453,504,455,503,498	GS
362,497,363,453,415,454,414,498	of
2,433,2,401,158,402,158,434	because
447,401,559,400,559,434,447,435	result
261,404,425,403,425,431,261,433	returned
176,398,241,396,242,435,177,437	the
517,345,591,343,592,374,517,376	two
322,377,324,336,420,340,418,381	ilarity
37,338,205,333,206,380,38,385	gradient
229,375,229,335,332,335,332,375	simila
445,335,495,334,496,376,446,377	of
58,283,244,281,244,320,58,322	sampling
265,322,265,277,388,277,388,322	points
517,316,517,278,583,278,583,316	the
408,279,498,278,498,316,408,317	with
0,277,44,275,46,314,2,316	of
158,266,158,220,247,220,247,266	sign
421,222,596,219,596,254,422,256	gradients
0,220,55,219,56,258,0,259	act
74,219,139,217,140,256,75,258	the
331,217,398,215,399,257,332,258	the
263,258,263,214,316,214,316,258	of
162,204,166,156,268,165,265,213	(e.g.g
472,195,472,161,598,162,598,195	cosine
397,196,397,160,461,160,461,196	the
274,200,275,156,385,158,385,201	using
4,161,147,159,148,194,4,196	radient
14,100,190,94,192,139,15,145	compute
522,138,522,97,595,97,595,138	base
217,99,281,98,281,135,218,136	the
309,140,309,101,493,101,493,140	similarity
3,86,3,37,79,37,79,86	ally
523,84,526,35,600,40,600,89	sign
99,40,242,39,242,78,99,79	exploit
259,75,260,38,324,40,323,77	the
344,43,506,34,508,74,346,82	gradient
26,17,26,2,148,3,148,18	IVON,
463,4,598,2,598,18,464,20	lauicin
168,18,168,0,309,1,309,21	inoung
333,16,333,2,408,2,408,16	ulat
