112,536,199,535,200,580,113,581	sign
215,536,381,535,382,570,215,570	function
36,571,36,536,97,536,97,571	the
4,481,82,480,82,510,4,511	ents
344,483,562,477,563,510,345,516	parameters
200,510,201,475,324,477,324,512	model
103,473,183,470,185,510,105,513	and
556,436,556,433,559,433,559,436	I
562,433,562,430,565,430,565,433	I
551,433,564,425,569,434,556,442	71
131,419,282,417,283,451,132,453	number
371,448,372,417,509,420,509,451	models,
50,451,50,416,112,416,112,451	the
300,453,300,408,355,408,355,453	of
80,390,81,356,228,359,227,392	denotes
333,358,547,356,547,388,333,390	adversarial
249,356,312,354,313,391,250,392	the
5,374,5,348,59,348,59,374	adv
122,294,127,261,222,274,217,307	Xttl
280,301,286,259,338,266,333,308	Xt
496,296,496,251,582,252,582,297	sign(
316,267,317,240,366,241,366,268	adv
153,266,154,241,206,243,205,268	adv
482,166,484,144,523,146,521,169	radv
131,172,135,137,221,147,218,182	gtt1
392,141,401,141,401,150,392,150	in
528,123,600,121,600,176,529,177	L(
144,0,389,0,390,28,145,32	agglegation
535,1,597,0,600,24,538,30	gid
461,19,462,0,524,1,523,21	use
61,17,62,0,134,1,133,20	tile
395,20,395,0,448,0,448,21	of
