444,510,444,475,587,476,587,511	models,
0,479,163,475,164,511,0,515	rameters
262,511,263,472,330,474,329,513	the
183,513,184,472,247,472,246,514	for
344,476,428,469,431,511,347,518	i-the
538,425,596,420,599,452,540,456	we
164,433,164,430,166,430,166,433	we's
159,433,159,430,162,430,162,433	I
375,453,375,422,438,422,438,453	are
164,428,164,425,166,425,166,428	the
157,428,157,425,159,425,159,428	the
3,452,4,414,113,415,112,453	lodels,
454,452,454,414,520,414,520,452	the
219,452,219,414,294,414,294,452	and
145,423,195,396,212,427,162,455	will
2,361,148,358,148,389,3,392	ersarial
162,359,335,353,336,395,164,400	example
414,391,414,355,477,355,477,391	the
492,354,571,353,572,392,493,394	t-th
350,351,402,349,403,391,352,393	of
185,261,312,254,314,299,187,306	(gtt1),
95,298,96,251,187,252,186,299	sign(
84,145,123,144,123,166,85,167	advance
126,176,133,119,234,130,228,188	L(VADV
207,146,208,116,260,118,259,147	adv
138,0,305,0,305,27,138,28	giadiem
317,19,317,2,391,2,391,20	can
478,19,478,0,600,0,599,21	Window
60,21,60,0,125,0,125,21	use
2,19,2,0,46,0,45,20	of
402,21,402,0,457,0,457,21	De
