357,539,538,537,538,572,357,574	operation
355,513,355,474,594,475,594,514	Considering
43,510,44,474,191,478,190,513	models,
220,512,220,474,295,474,295,512	and
153,434,153,430,156,430,156,434	a
0,420,38,417,40,451,0,454	re
352,453,352,415,416,416,415,454	the
443,419,596,413,597,454,445,460	gradient
140,460,140,410,296,412,295,461	weights
56,416,120,415,120,452,57,453	the
351,358,585,355,586,392,351,395	self-spliced
14,356,77,356,78,391,14,392	the
92,355,171,354,172,392,93,394	t-th
186,393,186,353,281,353,281,393	itera
479,333,480,294,596,296,595,334	observ
400,339,400,291,458,291,458,339	To
350,237,573,233,574,282,351,286	completely
555,215,555,183,600,183,600,215	m
353,215,354,171,430,173,429,217	GS
347,121,394,115,398,154,352,159	to
465,115,592,110,594,164,467,169	GS(g
353,57,517,56,518,93,353,93	function
534,96,534,59,572,59,572,96	is
473,44,473,2,587,2,587,44	sampl
352,41,352,2,457,2,457,41	input
79,5,213,4,213,16,79,17	willed
228,2,271,1,272,20,228,22	as
4,20,4,0,56,0,55,22	De
