560,559,563,556,565,558,562,561	I
560,556,563,554,565,556,562,559	in
552,545,595,543,597,581,554,582	lad
374,550,537,541,539,579,376,588	several
279,585,279,540,362,540,362,585	has
46,539,268,537,269,577,47,579	DiffWave
350,488,422,484,424,519,352,523	we
433,528,434,476,596,479,595,532	propose
208,518,210,473,339,478,337,522	work,
108,517,109,475,194,476,193,518	this
41,473,97,472,98,516,42,517	In
191,380,237,379,238,418,192,419	is
250,379,444,375,445,416,251,420	valuable
458,421,458,374,532,374,532,421	for
533,421,537,372,599,377,596,426	rhig
43,419,44,370,183,373,182,422	hence
505,356,506,320,560,321,560,357	or
278,357,279,308,473,312,471,361	collapse
56,316,267,313,268,361,57,364	posterior
570,312,593,308,595,324,572,327	26
215,283,215,280,218,280,218,283	I
217,280,217,277,220,277,220,280	a
215,278,215,275,218,275,218,278	I
401,295,401,251,459,251,459,295	or
45,291,48,242,236,251,233,300	Welling
254,293,256,246,393,250,392,297	2014)
469,291,469,249,540,249,540,291	the
548,293,548,245,600,245,600,293	di
273,230,273,193,350,193,350,230	are
46,191,256,188,257,225,47,228	networks
359,183,557,173,560,225,361,235	required
43,132,303,126,304,162,44,168	parameters
395,125,537,121,538,160,396,164	obtain
320,121,377,120,378,166,321,168	to
299,106,300,51,442,55,441,110	2019).
105,98,107,53,279,60,277,105	Ermon
480,54,597,53,598,97,481,99	Diffu
