336,524,600,519,600,564,337,568	uncondition
239,521,330,518,332,565,240,568	land
0,565,0,521,231,521,231,565	onditional
14,494,19,478,33,482,27,499	r
3,487,3,472,12,472,12,487	Developer
340,465,550,462,551,506,341,509	synthesis
41,508,42,455,328,457,328,510	high-fidelity
2,447,3,393,110,395,109,449	ingle
122,432,122,396,435,397,435,433	ELBO-based
450,436,450,395,597,395,597,436	trainin
325,376,325,328,593,332,592,380	small-footp
265,377,265,333,321,333,321,377	to
135,374,136,329,257,332,255,376	leads
21,372,21,331,125,331,124,373	This
380,309,381,266,457,268,456,311	the
69,311,69,267,184,267,184,311	need
192,269,245,268,246,310,193,312	Ito
251,264,367,260,369,320,253,324	keep
2,266,60,264,61,312,3,313	chi
467,260,599,259,600,316,468,317	biject
213,211,266,210,266,247,213,248	as
464,205,545,203,546,246,465,247	not
22,206,192,199,194,245,24,252	Aexible
303,212,310,212,310,216,303,216	and
340,201,446,200,446,246,341,247	does
191,160,191,157,194,157,194,160	the
189,160,189,157,191,157,191,160	the
252,189,253,147,600,152,600,193	snon-autoregres
0,142,82,139,83,181,0,183	ork:
160,182,160,141,240,142,239,183	Itis
455,119,455,74,600,74,600,119	model
1,72,138,70,139,118,2,120	fusion
151,74,445,70,446,120,151,124	probabilistic
