512,576,513,532,599,533,599,576	gen
0,526,256,523,256,566,0,569	conditional
269,530,496,525,497,563,270,568	waveform
292,492,292,489,295,489,295,492	the
366,477,392,476,393,496,367,498	a
281,479,281,477,284,477,284,479	a
231,479,231,477,234,477,234,479	the
231,477,231,474,235,474,235,477	the
400,464,595,463,596,500,400,501	versatile
2,461,151,460,151,501,3,502	nthesis.
255,460,351,458,351,506,256,507	Itis
180,508,183,451,251,455,248,511	iv)
480,395,599,394,599,436,480,436	witho
252,444,253,394,464,395,464,445	objective
46,435,49,387,233,399,230,447	training
290,338,434,334,435,370,291,373	neural
449,331,599,329,600,373,449,375	vocode
3,375,3,333,275,334,275,376	all-footprint
498,312,498,270,600,270,599,312	later
291,308,291,270,487,270,487,308	between
0,271,56,267,58,311,0,314	he
71,314,71,265,277,266,277,315	bijection
349,259,351,209,442,213,440,262	any
64,247,65,203,148,204,148,248	not
460,204,594,203,594,245,461,246	archit
159,251,159,199,340,201,339,253	impose
508,147,597,143,600,190,511,194	syn
415,183,415,149,502,150,502,184	can
3,188,3,145,295,145,295,188	utoregressive
308,182,308,141,406,141,406,182	thus
296,116,296,85,383,87,383,118	raw
535,135,537,80,600,83,600,138	sy
398,118,398,75,526,75,526,118	audio
55,119,55,73,203,73,203,119	model
0,78,46,75,48,119,0,122	ici
212,120,213,72,287,73,287,121	FORT
