420,582,421,548,523,549,523,583	over
530,592,531,545,600,547,600,594	rpre
2,543,136,542,136,578,2,579	everal
148,582,149,538,406,544,405,587	ladvantages
523,520,523,485,598,485,598,520	ver
32,478,222,477,222,527,33,529	propose
233,476,458,476,458,515,233,516	DiffWave
444,378,572,377,572,418,444,420	audio
141,419,142,371,426,378,425,426	high-fidelity
57,374,132,373,133,419,58,420	for
0,421,0,374,50,375,49,422	led
105,357,105,321,160,321,160,357	or
0,362,0,318,74,318,74,362	pse'
331,359,332,305,530,311,529,365	COLLAPSE
192,354,192,316,320,316,320,354	mode
170,329,170,310,195,310,195,329	66
3,293,4,254,58,255,57,294	or
66,291,66,249,140,249,140,291	the
156,292,157,249,465,250,465,292	discriminator
534,290,537,244,600,248,597,294	GALA
473,247,527,246,528,292,473,293	in
505,226,506,192,595,194,595,227	CON
255,231,256,188,433,191,432,234	training
4,186,154,175,158,224,8,236	quired
444,231,446,183,502,185,500,233	in
167,182,242,180,243,227,168,229	for
496,140,496,137,499,137,499,140	the
159,165,159,122,235,122,235,165	the
538,122,600,121,600,165,539,165	lat
275,121,512,118,512,162,276,164	whitened
2,120,138,119,138,161,2,163	obtain
253,117,280,117,280,138,253,138	66
508,70,594,68,594,99,508,100	can
321,54,494,53,495,99,321,100	models
81,101,81,53,305,53,305,101	Diffusion
