22,552,121,549,122,582,23,585	over
353,580,353,541,481,541,481,580	work:
135,541,334,535,335,581,136,587	previous
0,520,0,483,62,485,61,521	ve,
550,485,599,482,600,529,554,532	pr
124,480,317,474,319,515,125,521	versatile
335,516,335,473,536,475,535,518	diffusion
184,381,399,376,400,421,185,426	synthesis
46,377,171,376,171,419,46,420	audio
163,356,163,317,298,317,298,357	issues
3,314,128,313,128,365,3,366	lapse
314,354,315,311,537,316,536,359	stemming
0,292,0,252,65,252,65,292	tor
138,288,138,250,272,250,272,288	GAN
295,250,574,248,574,294,296,296	(Goodfellow
72,247,127,246,129,293,73,295	rin
501,191,597,189,598,227,502,229	mod
105,226,106,191,293,192,293,227	contrast
371,190,487,189,487,227,371,228	other
42,188,98,183,102,226,45,231	in
305,229,306,184,360,185,359,230	to
138,163,138,123,295,123,295,163	latents
1,124,109,122,110,163,2,165	ened'
452,159,452,121,595,121,595,160	trainin
316,162,317,118,433,119,432,163	from
108,68,196,67,196,101,108,102	can
209,101,209,67,294,67,294,101	use
2,100,4,55,97,59,95,104	dels
355,58,561,56,562,98,355,100	diffusion
