168,576,168,573,181,573,181,576	and
255,582,256,550,595,554,595,586	non-autoregres
189,557,189,554,192,554,192,557	the
186,550,198,550,198,558,186,558	the
0,540,82,539,82,581,0,582	ork:
194,543,242,540,246,585,198,589	tist
455,519,455,473,597,474,597,520	model
4,517,4,474,135,474,135,517	fusion
151,524,151,473,445,473,445,524	probabilistic
279,315,351,313,352,357,280,359	the
483,313,600,310,600,353,483,355	traini
358,366,359,307,472,309,471,368	joint
0,354,3,308,140,316,137,362	nming
153,311,265,308,266,353,154,356	from
186,252,232,251,233,293,187,295	et
6,291,7,248,171,252,170,295	dfellow
329,293,331,245,486,252,484,300	2014).
243,245,318,244,319,295,244,296	al.
515,290,516,242,600,244,599,292	Thi
302,229,302,223,333,224,333,230	consection
501,232,501,193,599,193,599,232	enco
313,191,408,187,410,242,315,246	(e.g.,
421,228,421,185,493,185,493,228	the
1,230,1,185,93,185,93,230	there
102,225,103,181,274,185,273,228	models
403,162,403,123,595,123,595,163	Therefor
254,120,360,120,360,163,255,164	data
51,161,54,114,236,125,233,172	training
541,111,543,63,599,66,597,114	pr
199,57,339,55,339,98,200,100	(noise-
326,104,328,52,532,59,530,111	e-adding)
4,55,161,55,161,99,4,99	ffusion
