46,524,135,523,135,567,46,568	that
362,520,600,518,600,573,362,575	high-quali
144,520,352,517,353,567,144,570	produces
476,506,481,469,533,477,527,514	.g.,
544,467,593,466,595,514,546,515	sp
259,505,260,456,401,457,401,505	losses
45,467,243,457,245,501,47,511	auxiliary
151,403,350,397,351,437,152,442	generate
367,398,598,396,598,441,367,442	high-fidel
44,394,137,393,138,438,45,440	still
255,375,255,372,258,372,258,375	the
217,368,219,365,221,366,220,370	Distribution:
234,367,234,363,236,363,236,367	a
180,367,180,363,184,363,184,367	the
217,364,219,360,221,362,220,365	the
180,364,180,361,183,361,183,364	I
180,362,180,358,184,358,184,362	I
214,357,214,352,217,352,217,357	the
220,382,220,345,271,345,271,382	.g.,
210,360,210,351,215,351,215,360	the
202,352,202,349,205,349,205,352	the
376,340,494,340,494,371,377,371	more
285,341,365,339,366,375,286,377	see
190,355,207,336,235,362,218,380	e.g
509,337,600,336,600,373,509,375	anal
171,377,171,341,201,341,201,377	(e
46,332,141,331,141,373,46,374	data
374,308,375,266,564,269,563,311	contrast
46,279,298,277,298,305,46,307	constraints
310,267,366,265,367,311,312,312	in
486,218,598,218,598,244,487,244	wave
46,206,463,206,463,248,46,249	high-dimensional
374,147,537,141,539,177,375,184	several
279,139,364,138,364,184,279,185	has
46,138,268,135,269,176,47,179	DiffWave
546,138,600,137,600,183,547,185	lad
352,88,423,84,425,120,354,123	we
429,76,598,75,598,125,430,126	propose
208,116,209,74,339,79,337,122	work
109,118,109,75,193,75,193,118	this
41,75,97,74,98,119,42,120	In
280,4,443,3,443,17,280,17	AIUADIC
47,17,47,3,181,5,180,19	IICICU
534,1,597,0,597,18,534,19	Bill
459,17,459,1,524,1,524,17	101
191,1,235,0,236,18,192,20	1N
