379,549,553,547,554,588,379,590	(Kumar
190,587,190,547,358,548,358,587	models
41,548,179,546,180,586,42,589	based
371,483,525,483,525,532,371,532	(VAE)
43,490,349,484,350,524,43,529	auto-encoder
537,484,597,483,598,526,538,527	ba
502,459,502,423,597,423,597,459	train
315,420,486,419,486,458,315,459	models
45,460,46,418,303,424,302,466	flow-based
333,399,333,364,408,364,408,399	are
422,397,422,358,541,358,541,397	other
43,356,151,355,151,398,44,399	data
178,355,317,353,318,397,178,399	There
43,294,117,292,118,334,44,335	the
126,340,127,290,288,291,287,342	simple
304,332,306,290,488,299,486,341	training
501,348,504,286,599,290,596,352	obje
459,272,461,230,512,232,511,274	et
335,273,338,222,452,229,449,280	Ping
188,272,188,227,318,228,318,273	2019;
41,274,41,228,91,228,91,274	et
520,227,590,224,592,271,522,274	al.
100,273,100,224,177,224,177,273	al.
178,166,228,166,228,209,178,209	let
481,208,481,161,594,161,594,208	Kalc
42,204,44,161,168,166,166,209	Oord
328,208,330,156,467,160,465,212	2016;
241,160,314,159,315,207,242,208	al.
390,148,390,100,592,100,592,148	previous
42,106,293,98,294,145,43,153	generation
318,146,318,97,383,97,383,146	In
37,84,40,30,170,37,168,91	Deep
458,34,592,33,593,77,458,78	model
190,40,436,31,438,77,192,86	generative
