45,591,45,587,49,587,49,591	I
458,600,458,576,537,577,537,600	anv
263,599,263,568,438,569,438,600	without
70,572,246,567,247,600,71,600	speech
0,600,0,563,59,566,57,600	nd
511,548,511,510,600,511,599,548	very
1,503,123,500,124,552,2,554	tings.
317,542,319,507,500,513,499,547	because
148,500,251,499,252,543,148,544	This
260,549,260,500,311,500,311,549	is
136,443,230,442,231,484,137,486	(van
344,479,344,439,469,439,469,479	Oord
0,480,0,437,112,438,112,481	unds
476,441,528,438,530,482,478,484	let
242,437,332,436,332,480,242,481	den
536,437,593,434,595,480,539,483	al.
508,381,597,378,598,414,509,416	auto
2,418,3,375,84,376,83,419	has
406,417,406,372,498,373,497,417	that
221,377,391,372,392,413,222,418	noticed
91,370,206,369,206,416,91,417	been
315,319,563,310,564,350,316,359	exceptions
57,357,60,305,167,312,164,364	only
220,351,221,306,306,308,305,353	few
1,353,1,307,58,307,58,353	the
364,288,364,248,598,250,598,289	informativ
22,248,233,243,235,291,23,296	synthesis
247,246,349,244,350,287,249,290	with
474,193,474,150,523,150,523,193	et
211,192,211,149,462,150,462,193	Yamamoto
61,194,61,142,189,144,188,195	2020;
532,147,594,144,596,190,534,193	al.
135,82,228,81,229,126,135,127	and
240,91,485,83,487,122,241,131	generative
500,128,500,80,600,80,600,128	adverts
0,140,0,76,108,77,107,142	020),
317,62,319,15,453,20,452,66	2018;
39,21,163,19,163,58,40,61	Oord
169,65,169,19,222,19,222,65	let
462,62,467,11,580,23,575,74	;Ping
231,19,305,17,306,63,232,65	al.
