57,600,59,575,137,578,136,600	anv
404,580,404,577,408,577,408,580	a
402,581,402,577,406,577,406,581	I
151,570,584,566,584,600,151,600	conditionalinform
1,546,1,512,101,513,101,547	ause
108,505,212,503,213,555,109,557	very
342,505,571,499,573,548,343,554	sequences
220,558,223,499,333,505,330,564	longs
387,447,445,444,448,481,389,484	or
456,441,595,438,596,478,457,481	inferic
220,487,223,433,367,441,364,495	2016),
74,483,75,437,129,438,128,484	let
0,478,0,438,70,438,70,478	ord
135,434,215,433,216,484,136,485	tal.
113,380,443,377,443,412,113,415	autoregressive
458,413,458,374,592,375,591,414	model
9,417,9,374,97,374,97,417	that
255,318,576,311,577,352,256,359	unconditional
2,311,165,307,166,355,4,360	eptions
174,307,250,306,251,355,174,356	for
242,289,242,243,356,243,356,290	local
367,246,599,245,600,289,368,290	conditione
6,245,226,244,226,284,7,284	formative
0,152,63,150,64,190,0,191	oto
215,197,218,142,357,147,354,203	2020).
73,192,73,150,123,150,123,192	et
132,144,206,143,207,191,133,193	al.
374,84,572,82,573,124,375,126	network
0,83,88,82,88,125,1,126	tive
102,126,102,83,361,83,361,126	adversarial
502,20,594,18,595,61,503,63	vari
336,59,338,17,471,23,469,65	2019),
188,64,189,21,237,23,236,66	fet
247,18,322,17,323,64,247,65	al.
62,62,67,11,182,23,177,75	Pinge
12,32,18,20,40,30,34,43	Q.
