14,569,297,562,298,591,14,598	Linformation
0,507,176,504,177,554,0,557	quencest
187,506,297,503,298,541,188,544	need
305,546,305,504,354,504,354,546	Ito
246,447,342,445,343,477,247,480	sam
0,479,0,443,46,447,43,483	or
54,478,54,437,235,439,235,480	inferior
317,397,317,395,319,395,319,397	the
314,398,314,394,323,394,323,398	the
0,417,0,384,49,384,49,417	very
58,411,58,374,227,376,227,414	models
193,318,355,309,357,352,195,361	genera
2,350,3,307,179,312,178,355	ditional
309,268,319,260,326,269,316,277	I
259,264,259,257,276,257,276,264	the
0,241,234,240,234,292,0,293	onditioner
191,86,355,83,356,130,192,133	(GAN)
0,82,173,80,174,125,1,128	etwork
0,65,1,12,77,21,71,74	19),
99,60,100,16,355,18,355,61	variational
