423,206,423,205,424,205,424,206	Electric)
424,202,424,201,425,201,425,202	the
420,199,437,196,439,210,422,212	is
537,196,537,195,538,195,538,196	I
425,194,425,193,426,193,426,194	I
538,194,538,192,539,192,539,194	the
543,194,543,192,545,192,545,194	the
542,194,542,192,543,192,543,194	a
538,193,538,191,539,191,539,193	the
538,192,538,190,539,190,539,192	the
538,191,538,189,539,189,539,191	the
538,195,538,189,540,189,540,195	the
541,190,541,188,542,188,542,190	I
540,190,540,188,541,188,541,190	the
539,190,539,188,540,188,540,190	the
540,189,540,187,541,187,541,189	I
421,184,434,184,434,196,421,196	0
561,186,561,184,563,184,563,186	the
339,186,339,184,340,184,340,186	the
350,188,350,183,354,183,354,188	the
363,179,378,175,380,186,365,189	the
349,180,354,176,358,181,352,185	the
555,181,555,178,557,178,557,181	the
547,185,547,176,554,176,554,185	the
548,169,600,166,600,207,551,211	5,00
38,210,38,166,100,167,99,211	be
112,178,353,169,354,208,114,217	generated
489,207,492,162,559,167,556,212	16,0
73,136,73,135,74,135,74,136	the
382,109,430,107,432,144,384,147	Classic
246,117,246,115,248,115,248,117	I
245,115,245,114,247,114,247,115	I
339,115,339,114,340,114,340,115	the
157,103,380,100,380,146,157,149	(Donahue
525,143,526,101,600,103,600,144	201
41,101,137,100,138,155,42,156	ples
442,143,444,100,489,103,487,146	al.
391,57,391,55,392,55,392,57	the
468,51,598,42,600,82,470,91	gener
368,52,368,50,370,50,370,52	the
348,52,348,50,350,50,350,52	the
405,81,406,41,456,43,454,83	to
292,40,406,39,407,81,292,82	tendt
41,78,43,31,263,37,262,83	WaveNet)
344,11,344,9,345,9,345,11	mother
293,9,298,9,298,11,293,11	Strippers
349,8,349,7,351,7,351,8	I
297,8,297,7,298,7,298,8	the
295,8,295,7,296,7,296,8	the
294,8,294,7,295,7,295,8	the
345,7,345,6,346,6,346,7	the
346,7,346,5,350,5,350,7	a
487,14,487,0,562,2,562,16	-US
381,1,424,0,425,16,382,18	ai
44,1,137,0,137,16,44,17	uoil
