121,205,121,204,123,204,123,205	I
136,203,136,200,139,200,139,203	the
110,200,111,198,112,199,111,201	the
105,199,106,198,108,199,107,200	-
135,199,136,198,137,199,136,200	the
108,198,110,197,111,198,110,200	the
107,198,108,197,110,198,109,199	the
106,198,107,197,109,198,108,199	the
106,199,106,198,107,198,107,199	the
108,197,110,196,111,197,110,199	the
107,198,107,197,108,197,108,198	the
107,196,108,195,110,196,109,197	the
108,197,108,194,111,194,111,197	the
107,195,108,194,110,195,109,196	the
122,191,122,190,124,190,124,191	the
412,189,412,187,413,187,413,189	the
411,189,411,187,412,187,412,189	the
54,210,56,177,149,183,147,216	any
217,182,217,180,218,180,218,182	-
216,182,216,180,217,180,217,182	-
217,181,217,179,218,179,218,181	-
216,181,216,179,217,179,217,181	I
217,180,217,178,218,178,218,180	a
216,180,216,178,217,178,217,180	-
0,170,42,169,43,208,0,209	ut
373,178,373,176,375,176,375,178	the
220,178,220,176,222,176,222,178	the
420,212,420,156,600,158,600,214	linforma
149,207,150,157,430,161,429,211	CONDITIONALIST
411,143,411,142,412,142,412,143	I
410,143,410,141,411,141,411,143	I
405,143,405,141,406,141,406,143	-
199,141,199,139,200,139,200,141	I
207,140,207,139,208,139,208,140	the
196,139,196,138,197,138,197,139	I
178,139,178,138,179,138,179,139	the
564,127,564,126,565,126,565,127	:
230,130,230,126,231,126,231,130	the
303,120,324,118,327,151,305,152	g
395,125,395,123,396,123,396,125	I
107,145,110,107,235,116,232,155	everyl
0,142,1,112,99,114,98,144	ause
339,109,578,106,578,156,339,159	sequences
217,141,221,97,307,105,303,149	ylong
341,72,341,71,342,71,342,72	-
337,72,337,71,338,71,338,72	I
338,72,338,70,339,70,339,72	I
344,71,344,70,345,70,345,71	the
342,71,342,70,343,70,343,71	the
337,71,337,70,338,70,338,71	I
344,70,344,69,345,69,345,70	the
343,70,343,69,344,69,344,70	the
342,70,342,69,343,69,343,70	-
344,69,344,68,345,68,345,69	the
343,69,343,68,344,68,344,69	the
342,69,342,68,343,68,343,69	I
147,67,147,66,148,66,148,67	I
344,67,344,66,346,66,346,67	the
343,67,343,66,345,66,345,67	the
147,67,147,65,148,65,148,67	I
345,66,345,65,346,65,346,66	the
340,73,340,63,350,63,350,73	the
335,61,335,60,336,60,336,61	I
335,60,335,59,336,59,336,60	I
391,81,391,49,442,49,442,81	or
147,57,147,55,148,55,148,57	I
74,41,124,37,127,80,78,84	let
222,76,226,28,355,38,351,86	2016),
136,80,137,37,189,38,187,82	al.
0,82,0,36,73,36,73,82	order
448,34,600,30,600,81,450,86	rinferio
269,14,269,13,270,13,270,14	the
280,13,280,11,281,11,281,13	we's
267,14,267,11,268,11,268,14	the
278,9,278,7,279,7,279,9	the
264,15,264,7,273,7,273,15	-
582,6,582,5,583,5,583,6	the
271,15,271,1,429,3,429,17	CATALIVE
458,3,596,2,596,13,458,14	hour
109,14,110,0,253,1,252,17	autoic
8,0,98,0,98,17,8,17	uia
