316,548,366,547,367,593,317,595	iet
56,585,56,542,306,546,305,589	Binkowski
460,594,461,543,587,544,587,595	2020;
376,545,450,543,452,590,377,593	al.
535,495,596,491,599,523,537,527	an
63,532,65,483,199,487,197,536	(Peng
212,526,214,485,262,487,260,528	et
363,534,366,476,506,482,503,540	2020),
9,492,28,488,31,503,12,506	All
272,483,350,478,352,525,275,530	al.
236,445,236,442,239,442,239,445	the
236,443,236,440,239,440,239,443	the
226,426,322,421,324,461,228,467	(van
438,423,562,421,562,460,439,461	Oord
336,461,337,417,426,417,425,462	den
2,418,206,417,206,461,3,461	stillation
507,405,509,356,600,359,598,408	Treq
218,358,359,353,360,397,220,401	which
375,355,493,354,493,397,376,399	often
10,396,11,353,186,356,185,399	models,
478,332,479,291,598,292,597,334	mode
248,334,251,284,397,292,395,341	ability
35,300,231,289,234,333,38,344	superior
410,288,472,287,472,336,411,337	off
513,282,514,231,600,234,600,285	free
224,270,226,224,364,229,363,275	2019)
71,273,74,226,130,230,126,278	let
0,271,0,226,69,227,68,272	im
389,228,505,225,506,269,391,272	have
136,226,214,223,215,273,138,275	al.
515,192,515,189,517,189,517,192	I
45,192,45,189,48,189,48,192	the
481,207,482,166,528,167,527,208	et
166,207,170,154,307,163,304,216	2018
22,168,63,167,64,203,23,204	et
319,203,320,160,468,162,467,205	Mehri
542,209,542,160,600,160,600,209	al.
80,210,80,159,156,159,156,210	al.
369,138,370,98,543,102,542,142	models,
4,110,355,102,356,139,5,147	kelihood-based
540,44,597,42,598,79,541,81	ra
228,84,228,35,519,35,519,84	high-fidelity
2,36,207,32,207,76,3,81	produced
