471,595,471,549,525,549,525,595	Det
209,548,462,546,462,588,209,590	Yamamoto
530,544,597,543,598,592,531,593	tal.
61,593,61,541,184,541,184,593	2020;
501,526,501,482,599,482,599,526	adve
237,487,488,481,489,531,238,537	generative
134,526,134,482,228,482,228,526	and
0,537,0,476,108,479,106,540	020),
316,463,317,415,456,419,454,468	2018;
38,419,163,418,164,461,38,461	Oord
168,421,221,418,223,464,170,466	let
460,465,465,414,580,423,576,475	;Ping
229,417,308,414,310,463,232,466	tal.
293,360,501,357,502,403,294,406	auxiliary
111,354,282,352,283,402,111,403	require
517,355,596,354,597,399,517,400	loss
4,398,4,353,96,353,96,398	ften
319,335,319,291,394,291,394,335	the
511,333,513,291,600,294,598,337	deta
79,332,81,289,303,297,301,340	modeling
408,290,500,287,501,332,409,335	fine
15,335,15,288,72,288,72,335	of
2,240,103,237,104,267,3,270	have
522,271,522,233,597,233,597,271	aud
117,228,446,226,447,270,117,272	predominated
453,225,511,224,512,272,454,273	lin
230,209,232,162,373,166,372,214	2017)
80,208,80,168,128,168,128,208	et
487,161,592,161,592,204,487,205	flow
382,206,383,161,477,163,476,208	and
0,206,0,160,71,162,70,208	hri
141,211,141,161,216,161,216,211	al.
409,143,411,99,597,108,595,151	autoregraphs
167,143,168,99,391,105,390,149	including
0,142,1,96,144,100,143,146	nodels,
143,77,143,47,231,49,230,79	raw
479,89,479,41,600,41,600,89	speed
0,37,119,36,119,86,0,86	lelity
255,35,387,34,387,79,255,79	audio
405,35,461,34,462,81,406,82	in
