0,590,0,550,63,550,63,590	oto
73,592,74,548,124,550,123,593	et
216,588,220,541,354,551,351,598	2020)
131,548,205,544,208,590,134,594	al.
377,488,569,487,570,523,377,525	network
102,486,360,484,361,523,102,525	adversarial
1,482,88,481,88,524,2,526	tive
220,451,223,448,225,451,222,453	I
225,435,225,432,227,432,227,435	I
188,425,236,423,238,462,191,465	et
333,463,335,414,474,421,472,470	2019),
501,419,596,417,597,463,502,464	vari
36,438,36,430,42,430,42,438	the
61,464,65,411,182,422,177,475	Pinge
242,417,323,412,326,466,246,471	tal.
17,437,18,427,38,429,36,440	POWER
0,353,106,353,106,407,0,407	liary
364,394,367,350,565,363,562,408	training
120,397,121,349,265,354,263,402	losses
275,353,351,350,352,400,277,403	for
115,294,267,293,267,332,116,333	details
350,291,587,288,588,332,351,335	waveform
7,334,8,288,100,292,99,337	fine
275,336,276,287,338,288,338,337	soft
268,232,485,229,485,272,269,275	synthesis
123,228,253,227,253,269,123,270	audio
496,271,497,226,599,228,598,272	beca
0,227,51,225,52,271,0,273	edi
53,273,53,223,112,223,112,273	lin
182,192,182,188,185,188,185,192	I
182,186,182,183,185,183,185,186	-
182,184,182,181,185,181,185,184	I
361,164,531,162,532,203,362,205	models
178,206,178,163,349,165,348,208	V-based
88,165,201,160,203,199,90,204	flow-
0,204,0,160,76,161,76,205	and
10,145,11,105,349,108,348,148	autoregressive
363,138,363,99,533,101,532,140	models
82,40,238,32,241,77,85,86	speech
262,41,479,35,480,78,263,84	synthesis
7,79,7,39,60,39,60,79	in
503,35,591,30,593,74,505,79	and
