191,486,355,484,356,532,191,533	(GAN)
0,483,172,480,173,524,0,527	etwork
0,467,1,415,75,419,72,471	19),
100,459,100,421,354,422,353,460	variational
134,392,134,390,136,390,136,392	I
123,392,123,390,125,390,125,392	I
136,391,136,389,138,389,138,391	the
123,390,123,388,125,388,125,390	the
136,389,136,387,138,387,138,389	the
123,387,123,384,125,384,125,387	the
137,385,137,382,139,382,139,385	-
115,399,115,375,142,375,142,399	1g
301,364,354,362,356,397,303,400	as
175,361,288,356,290,396,177,400	such
2,398,3,354,122,357,121,401	aining
198,293,251,291,253,334,199,336	in
262,291,354,289,355,332,263,334	real
0,332,0,285,191,288,191,336	aveform
101,269,102,230,293,236,292,275	because
0,271,2,228,87,232,85,275	esis
301,270,304,221,361,224,358,273	of
266,184,266,181,268,181,268,184	the
153,213,154,163,359,167,358,217	(Prenger
6,167,133,163,134,203,7,207	odels
149,105,253,97,256,142,153,150	(van
3,100,134,98,134,142,3,143	odels
268,99,352,96,354,140,270,143	den
207,81,207,35,357,36,357,81	music
1,79,2,36,79,38,78,81	esis
102,33,193,30,194,78,103,80	and
