194,600,196,574,280,578,279,600	one
470,600,470,574,596,574,596,600	sneec
4,600,4,570,96,570,96,600	tens
296,574,454,571,455,600,296,600	second
109,563,183,562,184,600,110,600	for
343,540,345,499,518,507,516,548	settings.
13,502,333,500,333,544,14,546	unconditional
0,493,0,444,94,448,92,497	-up
346,446,511,440,512,478,347,484	sounds
532,440,600,434,600,482,536,488	(va
107,443,330,435,332,478,108,486	word-like
39,378,87,377,88,418,40,419	et
183,417,186,366,323,375,320,425	2019).
490,372,599,371,600,417,491,417	been
399,374,483,372,484,416,400,419	has
358,395,359,380,377,382,376,397	14
96,372,174,369,176,422,98,425	tal.
457,359,459,306,567,309,565,363	only
114,362,114,309,320,309,320,362	features),
348,310,450,309,451,351,349,352	with
4,311,103,309,104,353,4,354	istic
204,255,269,253,271,289,206,292	on
422,252,592,247,593,287,423,292	synthes
282,246,408,246,409,288,282,288	audio
73,286,73,243,194,245,193,288	focus
1,289,1,245,62,245,62,289	els
571,171,571,167,574,167,574,171	I
318,192,318,148,367,148,367,192	et
458,196,460,142,590,145,589,199	2020;
57,186,57,148,304,150,303,188	Binkowski
377,146,450,144,451,191,378,193	al.
244,115,244,111,248,111,248,115	I
535,95,597,94,597,126,536,127	an
69,135,70,84,199,87,198,138	(Peng
213,125,213,87,260,87,260,125	et
360,136,363,74,505,80,502,142	2020),
273,128,275,77,353,80,350,132	al.
2,115,8,82,41,88,35,121	el
438,60,439,20,562,22,561,61	Oord
223,20,324,17,326,65,225,68	(van
337,18,424,17,425,62,338,64	den
2,21,204,20,205,59,3,60	stillation
