521,579,525,522,600,527,599,584	Fo
217,580,217,524,493,524,493,580	classifier
36,526,196,519,198,578,38,585	given
35,443,74,441,77,484,37,486	is
395,435,493,433,494,489,396,490	the
181,484,182,434,377,437,376,488	model
97,435,167,432,170,493,99,496	to
509,433,596,432,597,489,510,491	dis
30,397,32,341,130,343,129,399	the
143,352,519,338,521,395,145,409	perturbation
575,287,575,282,579,282,579,287	the
576,283,576,280,579,280,579,283	the
560,289,579,272,588,282,569,299	I
313,253,490,250,491,312,314,315	target
204,251,300,250,301,305,204,306	the
33,304,35,247,186,253,184,310	fools
507,304,507,250,567,250,567,304	CI
25,159,340,156,340,224,26,228	categories
440,161,564,159,565,214,441,216	The
385,66,599,64,600,133,386,136	predict
90,78,276,72,278,118,91,124	vector
298,123,299,61,372,62,371,124	of
230,16,230,12,233,12,233,16	is
215,47,215,0,442,0,442,48	coupul
449,31,449,0,522,0,522,31	of
538,0,600,0,600,29,539,31	Ul
