329,545,537,541,537,584,329,587	incurred
197,584,197,543,311,543,311,584	risks
34,587,36,540,181,545,180,592	curity
552,546,592,543,595,593,556,596	by
477,516,479,463,574,467,571,520	Yet,
40,477,434,467,435,509,41,519	democratization.
129,437,130,394,443,398,442,440	development
38,439,38,394,116,394,116,439	the
454,392,597,388,598,436,455,441	TOFMI
326,322,516,317,518,366,327,371	tailored
129,364,129,318,308,319,308,365	models
531,367,532,317,587,319,586,368	to
36,366,37,318,115,318,114,367	for
470,245,590,239,593,297,472,303	(ML
255,291,257,241,459,250,457,300	learning
35,243,247,242,247,291,35,292	machine
35,171,207,168,207,217,36,219	Neural
219,215,219,168,538,171,538,218	Architecture
37,99,38,45,313,50,313,104	Abstract
