441,372,441,334,600,334,600,373	analve
359,345,359,343,363,343,363,345	the
2,372,2,333,79,335,78,374	0th
339,332,429,330,430,371,340,373	and
91,337,324,334,325,372,91,375	emnirical
461,304,461,258,552,259,551,305	and
6,305,7,258,166,258,166,305	model
179,254,427,247,428,310,180,317	poisoning,
220,216,220,214,222,214,222,216	I
206,229,208,183,392,188,391,235	various
146,190,197,187,200,231,149,235	to
397,183,600,181,600,233,397,235	smalicious
0,228,3,175,134,188,129,242	bility
0,118,177,115,177,167,0,169	terparts,
346,117,590,108,592,158,348,166	-generated
204,154,207,103,344,111,341,162	NAS-
230,72,230,64,232,64,232,72	I
20,52,95,49,97,82,22,85	we
366,91,367,42,600,43,600,92	compared
113,40,241,39,241,82,114,83	show
261,82,261,39,354,40,353,83	that
337,6,337,2,356,3,356,7	was
460,13,460,0,593,1,592,14	Message-ID:
403,7,403,0,448,1,448,8	VALLEY
80,0,135,0,135,6,80,8	can
34,6,35,0,55,1,54,9	-
