556,570,556,566,560,566,560,570	I
5,547,135,543,136,581,6,585	urred
541,546,587,545,588,585,542,586	is
225,585,226,539,355,540,354,586	NAS,
384,549,525,540,528,583,387,592	which
141,593,147,536,216,542,210,600	dby1
159,496,159,493,162,493,162,496	the
25,491,25,488,28,488,28,491	I
22,491,22,488,26,488,26,491	a
17,496,21,480,39,485,35,500	not
389,508,390,469,555,472,554,511	known
75,519,78,463,179,468,176,524	Yet,
324,514,325,467,376,468,375,515	is
198,466,310,464,311,512,199,514	little
530,450,534,393,600,397,598,455	dpr
226,398,423,390,425,439,229,448	systems
0,440,0,395,45,395,45,440	nt
434,390,531,388,532,441,435,443	and
56,438,56,391,213,391,213,438	OFML
356,367,356,318,479,319,479,368	tasks,
516,327,595,319,600,363,520,371	whi
205,322,336,316,339,366,207,372	given
131,369,131,319,188,319,188,369	to
6,365,6,318,120,318,120,365	lored
0,304,0,255,59,255,59,304	ng
459,292,459,247,553,247,553,292	that
70,301,71,240,209,243,207,304	(ML)
211,242,449,241,450,299,211,300	paradigmt
525,230,527,174,600,176,600,232	Trep
0,180,136,173,139,215,1,222	ecture
349,229,349,169,513,169,513,229	(NAS)
157,220,157,171,325,171,325,220	Search
