273,548,274,514,572,524,571,558	counterparts,
38,560,39,507,262,512,261,565	designed
418,450,495,447,497,484,420,488	we
512,440,596,439,597,483,513,485	sho
176,482,177,436,387,440,386,485	methods,
37,479,38,433,163,437,161,483	NAS
561,396,561,393,564,393,564,396	the
556,389,556,385,559,385,559,389	I
126,371,219,370,220,426,127,427	gap.
547,406,550,373,598,377,596,410	ex
474,375,537,369,540,407,477,413	an
37,410,37,365,116,365,116,410	the
249,415,249,363,464,365,464,417	Through
369,343,370,287,598,291,597,347	represent
230,336,230,291,354,291,354,336	work
99,335,99,289,211,290,210,335	This
303,226,391,224,391,262,304,263	use
466,233,466,230,469,230,469,233	the
459,231,459,228,462,228,462,231	the
460,258,460,215,587,215,587,258	fnas
33,263,35,205,293,215,291,272	increasing
402,257,402,214,480,214,480,257	OFN
549,146,595,145,596,196,550,197	by
197,183,198,141,310,143,309,185	risks
328,144,534,140,535,186,329,189	incurred
33,189,37,135,182,144,179,199	curity
550,106,550,103,553,103,553,106	I
476,117,476,65,572,66,571,117	Yet
39,74,435,65,436,111,40,119	democratization.
131,38,131,4,441,5,441,38	development
38,39,38,1,114,1,114,39	the
521,1,598,0,598,38,521,39	ML
453,0,517,0,517,40,454,41	of
