4,520,187,513,189,552,6,559	nerated
393,511,500,509,501,553,394,555	tend
513,558,513,511,567,511,567,558	to
200,554,201,508,378,511,377,557	models
490,449,596,447,596,479,491,481	man
359,482,360,437,473,440,472,485	their
0,442,217,438,218,484,0,488	ompared
232,482,232,437,341,437,341,482	with
525,427,525,371,600,371,600,427	POP
237,412,239,361,371,366,369,418	Istudy
0,360,227,351,229,410,0,419	empiricals
442,411,443,359,521,361,519,413	f101
385,360,447,358,449,410,387,412	off
178,346,179,290,284,292,283,347	step
300,297,492,293,493,334,301,337	towards
506,292,598,290,599,334,507,336	brid
21,290,165,289,165,333,21,334	initial
500,259,500,214,599,214,599,259	dom
61,260,62,212,245,213,244,261	Imodels
317,213,490,211,490,257,318,259	critical
250,216,309,213,312,260,252,263	sin
0,212,56,210,58,260,0,262	edra
160,181,160,178,163,178,163,181	I
167,181,167,177,171,177,171,181	I
166,177,169,174,171,176,169,179	I
160,174,160,170,163,170,163,174	I
200,189,200,142,473,147,472,194	concerning
489,145,600,137,600,190,493,198	give
147,188,147,146,188,146,188,188	is
0,138,132,136,133,189,1,190	vhich
4,83,152,80,153,108,5,112	known
177,71,308,68,309,110,177,112	about
421,72,596,68,597,119,422,122	potenti
327,114,327,68,407,69,407,114	the
137,2,320,0,320,43,137,45	propels
333,1,410,0,411,40,334,41	the
36,0,129,0,129,39,37,40	and
426,33,427,0,550,1,550,35	trend
