494,371,494,344,596,344,596,371	emn
365,375,365,332,481,333,480,376	hoth
37,371,38,330,220,332,219,374	Further
245,372,245,332,357,332,357,372	with
361,278,361,276,363,276,363,278	:
33,257,173,253,174,303,35,307	sarial
408,258,566,256,567,304,408,306	model
189,301,189,260,374,261,374,302	evasion
196,210,196,207,198,207,198,210	I
196,208,196,206,198,206,198,208	I
545,189,597,187,599,232,547,234	to
38,194,210,183,213,230,41,241	greater
215,231,217,173,533,184,531,242	revulnerability
86,147,86,145,88,145,88,147	the
246,131,246,127,248,127,248,131	I
264,159,266,101,578,111,576,170	dcounterparts,
38,112,259,99,262,155,41,168	designed
421,52,496,49,497,82,422,85	we
513,39,598,38,598,83,514,84	sho
176,79,177,37,385,41,384,83	methods,
36,35,158,34,159,83,37,84	NAS
146,10,146,8,149,8,149,10	I
143,9,143,7,145,7,145,9	:
142,6,151,4,152,10,143,12	the
148,0,221,0,221,19,148,20	the
348,10,348,1,408,1,408,10	our
435,0,455,0,456,8,435,9	-
41,7,42,0,102,2,102,10	the
479,8,479,0,534,0,534,9	can
556,2,599,0,600,5,557,9	you
284,0,337,0,337,7,284,7	a
