554,595,564,595,564,598,554,598	a
327,599,327,595,339,595,339,599	I
587,599,587,594,595,594,595,599	11
532,599,532,594,546,594,546,599	it.
353,600,353,588,399,588,399,600	that
411,600,412,586,518,587,517,600	forestate
180,578,180,552,292,552,292,578	converge
22,571,22,547,112,549,111,573	models
574,574,574,551,598,551,598,574	st
121,549,171,548,172,572,122,574	that
468,572,469,546,564,550,563,576	training
391,577,392,546,458,549,457,579	early
359,549,384,549,384,574,359,574	at
300,548,351,546,352,573,301,575	fast
359,533,359,510,521,513,520,536	convergence.
106,512,197,511,197,535,106,536	models
291,536,291,510,352,511,352,537	their
203,509,285,509,286,534,204,535	before
22,534,22,509,97,509,97,534	didate
529,508,591,507,591,536,530,537	This
271,473,427,472,427,502,271,503	prematurely
436,498,436,475,540,475,540,499	evaluate
18,501,18,472,81,472,81,501	cost
161,498,161,472,229,472,229,498	tends
237,500,237,473,267,473,267,500	to
88,473,152,470,153,496,89,498	NAS
547,471,591,470,592,498,547,499	the
544,465,545,436,600,438,600,467	spac
452,461,452,435,536,437,536,462	search
308,437,446,432,447,459,309,463	prohibitive
256,435,300,433,301,461,258,463	the
165,435,214,432,216,459,167,462	due
24,457,25,433,153,438,152,462	Intuitively
223,458,223,436,249,436,249,458	to
538,421,538,397,600,398,599,422	abov
19,401,59,398,61,424,21,427	we
279,399,435,396,436,421,279,424	explanations
168,399,271,398,272,424,168,426	possible
66,424,66,397,159,398,159,425	provide
489,395,533,394,533,423,489,423	the
441,394,486,393,487,423,442,424	for
532,387,533,356,599,359,598,390	lanaly
479,385,479,358,530,358,530,385	land
225,359,283,358,283,384,225,385	with
117,357,213,356,213,386,117,386	Further,
355,358,473,356,474,383,356,385	empirical
287,359,346,355,349,384,289,388	both
51,384,53,354,97,356,96,385	A2
563,352,563,324,600,326,600,353	cpr
343,323,503,320,503,341,343,344	conventional
99,319,224,316,225,344,100,348	compared
296,345,296,319,338,319,338,345	the
232,319,288,318,289,343,233,344	with
19,346,19,318,89,318,89,346	faces,
511,348,512,317,565,319,564,350	IMLE
368,294,370,291,373,294,370,296	coin
366,295,366,292,370,292,370,295	I
131,286,227,284,227,311,131,313	suggest
372,294,372,287,375,287,375,294	coin
20,306,22,278,124,284,122,312	Andings
500,306,500,280,565,280,565,306	incur
467,306,467,283,494,283,494,306	to
389,307,389,280,459,281,458,308	likely
233,306,233,281,282,281,282,306	that
572,303,574,281,597,282,596,305	lai
289,305,289,278,351,278,351,305	NAS
362,302,367,279,381,283,376,305	is
346,270,347,243,504,245,503,271	membership
205,245,334,243,334,271,205,273	label-only
515,242,599,242,599,269,515,270	inferer
146,243,195,240,197,267,148,271	and
70,274,71,238,140,241,138,277	[441
19,276,19,240,65,240,65,276	ing
173,231,173,205,293,205,293,232	backdoor
18,233,19,201,106,205,105,236	soning
478,204,535,203,536,237,478,238	,40]
302,233,303,203,414,204,414,234	injection
112,236,114,200,168,203,166,239	151
543,233,543,203,600,203,600,233	func
423,235,423,202,474,202,474,235	[23,
273,191,273,172,298,172,298,191	as
206,170,264,168,265,192,206,194	such
454,191,454,168,545,168,544,192	evasion
308,169,444,168,444,190,308,191	adversarial
21,167,198,163,199,189,22,193	manipulations
556,155,556,137,597,137,597,155	vari
520,137,545,135,546,153,521,155	to
250,160,250,132,339,133,339,161	greater
351,153,351,131,507,134,506,156	vulnerability
166,155,166,130,240,130,240,155	suffer
65,131,121,130,122,154,65,155	tend
19,130,58,129,59,155,20,156	els
339,120,339,95,499,95,499,120	counterparts,
90,116,91,94,204,96,204,119	manually
220,117,220,92,328,93,327,118	designed
510,116,513,86,598,95,595,124	nas-game
21,118,21,92,80,92,80,118	their
405,58,445,56,446,81,406,83	we
280,57,389,56,389,79,280,80	methods,
454,55,519,54,520,79,455,80	show
21,56,196,54,197,79,21,80	representative
530,80,530,53,580,53,580,80	that
206,78,206,53,271,53,271,78	NAS
321,42,321,22,354,22,354,42	an
209,43,209,16,306,16,306,43	through
495,44,495,13,596,13,596,44	empirica
364,21,483,16,484,38,365,44	extensive
126,15,194,14,194,43,126,44	First,
48,42,48,15,92,15,92,42	Al
