313,381,313,370,376,371,376,382	renre
137,370,164,369,165,380,137,381	oe
2,380,3,370,14,371,13,381	st
238,368,301,366,301,382,239,382	work
183,382,183,365,231,366,230,382	this
26,382,27,365,138,369,138,382	knowled
568,382,569,360,600,361,600,382	re
513,358,563,357,563,381,514,382	and
455,359,503,356,504,380,457,382	cell
537,345,537,322,598,323,598,345	DAR
455,346,455,321,523,321,523,346	level,
0,321,94,318,95,343,1,346	igation.
532,290,597,289,598,305,533,307	exam
376,293,376,291,377,291,377,293	the
266,288,294,287,295,305,267,306	as
456,307,456,284,519,285,519,307	crete
302,287,334,285,336,306,303,308	an
41,283,122,282,122,306,41,307	search
133,306,133,278,258,281,257,309	efficiency
339,306,341,278,390,281,389,309	im-
0,281,36,280,37,304,0,305	nd
332,273,334,244,383,247,381,277	Iper-
489,245,589,245,589,267,490,267	Without
137,266,138,245,243,247,242,267	between
250,267,251,243,330,245,329,269	model
20,267,20,240,130,240,130,267	trade-off
86,233,86,207,254,207,254,233	performance.
313,228,313,205,382,205,382,228	deem
456,208,597,206,597,230,457,232	generalizes
1,228,2,204,80,206,80,230	model
262,204,308,202,310,230,263,232	We
455,171,600,164,600,190,456,197	performanc
23,196,23,168,79,168,79,197	>they
248,169,381,167,381,190,248,192	non-trivial
84,168,140,167,141,191,84,192	tend
145,193,145,167,174,167,174,193	toil
177,192,177,166,243,166,243,192	incur
571,155,572,135,600,136,600,156	us
455,154,455,134,563,134,563,154	rameters
96,157,96,128,216,128,216,157	strategies
28,155,28,129,88,129,88,155	such
341,129,383,128,384,153,342,154	the
223,158,224,125,334,127,333,159	mitigate
169,120,169,92,319,92,319,120	suppressing
518,93,593,91,594,118,519,120	which
456,121,457,90,509,92,508,123	391,
327,121,327,89,382,89,382,121	skip
34,120,34,89,105,90,104,121	depth
113,91,163,89,164,116,114,117	and
1,95,21,94,23,113,3,115	ell
19,96,22,95,23,98,20,98	1
458,64,597,62,598,76,459,78	arrangemer
71,59,203,56,203,77,72,80	robustness
2,78,2,54,62,54,62,78	ttack
270,79,270,54,311,54,311,79	the
319,53,381,52,381,77,319,78	NAS
212,53,264,52,264,77,212,78	into
541,45,542,18,599,20,599,46	repe
240,21,280,18,282,41,242,44	we
457,41,457,16,533,16,533,41	which
1,39,1,16,45,16,45,40	rial
155,45,156,13,225,15,224,47	[42),
54,42,54,17,149,18,148,43	training
285,15,384,13,385,44,286,46	explore
