366,363,396,362,396,382,367,382	as
405,359,446,358,446,382,406,382	the
298,359,357,358,357,382,299,382	cell)
172,360,286,359,286,380,172,381	reduction
112,357,165,356,165,382,113,382	and
530,359,597,357,598,379,530,380	build
454,359,521,358,521,381,454,382	basic
54,360,104,356,106,382,56,382	cell
524,324,599,324,599,343,524,344	struct
406,323,456,322,457,344,406,345	two
139,343,139,325,228,325,228,344	DARTS
237,322,345,318,346,344,238,348	searches
56,322,123,320,124,346,56,347	level,
466,344,466,320,513,320,513,344	cell
357,345,357,318,397,318,397,345	for
56,285,118,284,118,305,56,305	crete
294,307,294,283,404,283,404,307	illustrate
130,285,238,282,238,310,130,313	example
420,305,420,282,588,282,588,305	differentiable
249,284,281,281,284,307,251,310	to
487,251,532,250,533,270,488,271	use
440,249,479,247,481,270,441,273	we
540,269,540,247,599,248,599,270	DAR
297,247,424,245,424,273,297,275	generality
91,266,91,245,189,245,189,266	Without
199,244,250,243,250,269,199,269	loss
256,270,256,242,290,242,290,270	of
449,210,596,207,596,228,450,231	frameworks
242,229,242,209,369,209,369,229	alternative
57,207,198,205,199,230,57,232	generalizes
377,230,377,204,441,204,441,230	NAS
202,206,234,204,236,230,203,233	stop
56,171,216,167,217,193,57,196	performance
445,192,445,168,596,168,596,192	Nevertheless
287,195,288,165,414,168,413,198	efficiency
229,193,229,167,278,168,278,194	and
55,136,164,132,165,154,55,158	rameters
562,132,599,131,599,153,562,154	the
366,153,366,130,464,133,464,156	descent,
529,156,529,131,557,131,557,156	to
474,131,521,130,522,154,475,155	due
249,130,354,127,355,158,250,162	gradient
171,158,172,127,244,129,243,161	using
479,93,597,92,597,115,479,116	architectu
428,93,470,92,470,116,428,118	the
297,93,419,89,420,118,298,121	optimizes
200,120,203,88,288,95,286,127	jointly
119,119,119,90,193,90,193,119	which
55,122,56,89,110,91,109,125	391,
333,81,333,58,431,60,430,83	strategy
57,62,217,59,217,79,58,81	arrangement,
232,57,279,54,280,77,233,79	and
480,77,480,54,599,54,599,77	differentia
286,55,326,55,326,78,286,79	the
441,79,441,54,472,54,472,79	of
474,41,474,20,586,21,586,42	structure
142,17,221,17,221,44,142,45	repeat
418,41,418,17,465,17,465,41	cell
228,41,228,17,270,17,270,41	the
279,17,348,16,349,40,279,41	motif
58,41,58,17,132,17,132,41	which
354,39,358,13,388,17,385,43	fof
