379,360,418,359,419,381,379,382	the
245,359,328,358,329,381,245,382	blocks
5,359,45,358,46,381,6,382	the
54,359,120,359,120,381,54,381	basic
131,380,131,359,236,359,236,380	building
338,358,371,356,373,382,340,382	of
124,343,125,322,244,324,244,345	structures
7,345,7,324,57,324,57,345	two
328,324,416,322,417,342,328,344	normal
66,344,66,320,113,320,113,344	cell
259,348,259,317,319,318,318,349	(i.e.
338,300,339,297,342,298,341,301	in
337,297,338,294,343,294,342,298	a
261,294,262,292,264,294,263,296	a
361,311,361,281,417,281,417,311	high
21,287,187,284,187,305,21,307	differentiable
201,284,270,282,271,306,202,308	NAS
282,307,282,281,320,281,320,307	At
365,269,366,249,422,252,421,271	CON-
87,250,132,249,133,270,87,271	use
303,250,332,250,333,270,304,270	as
40,250,80,247,82,270,41,273	we
142,249,230,248,230,267,142,267	DARTS
238,276,238,243,297,243,297,276	[39]
348,218,348,215,350,215,350,218	I
49,230,49,206,198,206,198,230	frameworks
210,233,210,206,298,206,298,233	(details
302,205,335,204,336,232,303,233	sin
343,220,344,209,356,210,354,221	S
0,229,0,202,42,203,41,230	AS
228,175,273,174,273,193,229,194	our
288,169,417,168,417,191,288,192	discussion
45,192,45,165,206,166,206,194	Nevertheless,
0,158,0,134,65,134,65,158	cent,
230,135,416,132,417,149,231,152	state-of-the-art
164,155,164,131,222,131,222,155	their
74,131,120,130,121,154,75,156	due
128,132,156,130,158,156,130,158	toll
376,124,378,94,426,98,424,127	Ipa-
293,118,293,92,373,93,372,119	model
80,96,227,95,227,115,80,115	architecture
29,94,70,93,70,117,29,117	the
237,117,237,92,288,92,288,118	and
385,64,385,61,387,61,387,64	the
254,78,255,52,320,54,319,80	NAS
81,75,81,55,246,57,246,77	differentiable
323,54,413,52,414,80,324,83	[11,355,
40,78,41,52,73,54,71,79	of
309,37,309,35,311,35,311,37	a
308,37,308,35,310,35,310,37	I
309,36,309,33,311,33,311,36	a
74,20,185,19,185,40,75,41	structure
207,22,216,22,216,29,207,29	in
19,40,19,17,65,17,65,40	cell
249,18,419,14,420,47,249,50	apre-specified
