135,597,136,593,143,595,142,599	it
22,597,22,594,36,594,36,597	in
145,592,219,591,219,600,145,600	DIOUSNESS
231,592,357,590,358,600,232,600	attootalo
46,599,47,588,115,592,115,600	ilitorio
173,577,175,549,258,553,257,581	stages,
267,577,267,548,382,548,381,577	resulting
67,572,68,545,165,550,164,576	training
0,547,59,546,59,578,0,579	early
539,568,539,543,598,543,598,568	mini
492,545,535,541,537,570,494,574	viar
2,540,3,513,123,513,122,540	vergence.
196,512,296,511,296,538,196,539	practice
301,511,380,508,381,534,302,537	favors
129,538,129,507,190,507,190,538	This
454,537,454,505,541,505,541,537	space),
552,506,595,504,596,531,554,533	the
310,492,310,489,316,489,316,492	-
331,498,331,476,380,477,380,499	can-
36,475,139,474,139,496,36,497	evaluate
196,505,197,471,287,473,286,507	quality
294,497,295,470,326,471,325,498	of
146,471,191,470,192,499,147,500	the
536,467,578,466,579,493,537,494	the
492,466,527,464,529,493,494,495	be
145,466,146,436,220,439,219,469	space
53,461,53,435,137,435,137,461	search
226,460,226,434,276,434,276,460	and
283,460,284,434,379,436,378,463	training
0,434,48,433,48,458,1,459	tive
540,430,577,429,577,455,541,456	let
454,457,455,427,531,430,529,461	mally
0,401,39,399,41,422,0,424	ons
138,421,138,398,213,398,213,421	above
223,399,377,398,377,419,223,420	observations.
90,423,90,395,133,395,133,423	the
43,395,85,394,86,422,43,423	fort
501,396,596,394,597,420,502,421	perform
454,420,454,390,496,390,496,420	for
266,385,266,358,377,358,377,385	levidence,
135,385,135,356,260,356,260,386	lanalytical
80,358,129,357,130,384,80,385	land
2,384,2,356,75,356,75,384	oirical
454,355,570,354,570,377,454,377	AutoML,
166,321,272,319,272,344,166,347	practice.
5,343,5,320,104,320,104,343	entional
110,317,162,315,163,349,111,351	IMLE
527,315,573,313,574,341,528,343	this
491,327,491,317,510,317,510,327	To:
531,300,537,290,548,296,543,306	X,
337,306,337,288,386,289,385,307	sur-
255,306,255,283,329,284,329,307	attack
171,311,171,281,249,281,249,311	larger
98,282,165,281,165,305,98,306	incur
68,283,94,283,94,306,68,306	to
0,310,0,278,60,278,60,310	ikely
455,305,456,275,523,278,522,308	input
12,260,12,256,15,256,15,260	I
5,245,103,244,103,269,5,270	bership
241,240,307,238,308,276,242,278	[13]
117,243,233,241,233,266,117,267	inference
331,270,331,240,384,240,384,270	The
504,268,505,238,572,239,571,269	input
453,267,453,239,498,239,498,267	the
530,228,530,206,600,206,600,228	encod
316,231,316,205,388,206,387,232	steal
145,230,145,206,303,207,303,231	functionality
76,235,78,202,137,205,136,237	>401,
24,203,70,202,71,234,25,235	[23
452,232,455,201,491,205,488,236	bye
548,199,548,168,600,168,600,199	apred
456,172,522,170,522,187,456,189	sume
248,169,329,168,330,193,248,195	model
54,192,54,170,146,171,146,192	evasion
329,200,331,164,391,167,389,203	apoi
175,193,177,166,242,169,240,196	8,42]
0,168,47,165,48,193,0,196	riale
125,148,125,144,128,144,128,148	I
125,151,125,141,134,141,134,151	Cc:
158,132,246,131,246,154,158,155	various
258,131,380,128,381,154,259,157	malicious
3,156,4,127,108,129,107,158	erability
534,127,598,126,598,149,535,150	learn
455,127,493,126,494,152,456,153	els
500,152,500,127,529,127,529,152	to
530,97,598,96,598,114,530,115	neura
3,118,4,93,99,96,99,121	terparts,
114,119,114,94,308,95,308,119	NAS-generated
319,117,319,90,387,90,387,117	mod
453,119,453,88,525,89,525,120	Deep
6,59,45,57,46,81,7,83	we
54,55,120,54,120,80,54,81	show
189,85,189,53,314,53,314,85	compared
324,55,382,54,383,79,325,81	with
131,80,131,53,182,53,182,80	that
314,33,317,31,318,35,316,36	I
541,53,542,22,600,23,600,54	New
454,54,456,20,507,22,506,55	2.1
313,35,316,27,330,32,327,40	OI
225,17,298,16,298,45,225,46	study
349,17,382,16,382,42,350,43	10
318,28,318,21,328,21,328,28	the
3,40,3,15,83,15,83,40	ensive
95,12,218,12,218,43,95,44	empirical
