472,546,592,545,592,570,472,571	objective:
142,567,142,544,283,544,282,567	minimizing
338,567,339,540,462,545,461,572	following
291,544,332,542,333,568,292,571	the
94,543,135,542,135,570,95,571	vian
54,539,54,506,146,506,146,539	space),
409,506,514,504,515,530,409,532	searches
277,508,369,507,369,530,277,531	method
151,506,196,503,197,532,153,534	the
522,504,566,503,567,531,522,532	for
202,503,267,502,267,530,202,531	NAS
563,494,563,474,600,474,600,494	mc
327,472,400,471,400,497,328,498	space
190,490,191,471,314,472,314,491	functional
447,470,551,468,551,492,448,495	possible
135,495,135,467,179,467,179,495	the
408,494,409,466,441,467,440,495	of
94,466,127,464,128,493,95,494	be
384,455,384,430,474,432,474,456	dataset
302,432,374,427,376,459,304,464	given
256,456,256,430,299,430,299,456	the
54,456,56,426,130,431,128,461	mally
139,456,139,428,176,428,176,456	,let
561,429,595,428,596,456,562,457	be
219,430,251,429,252,455,219,456	be
330,415,330,394,487,394,487,416	architectures
543,392,599,391,600,423,544,425	rgive
103,398,240,392,241,415,103,420	performant
251,391,322,389,323,415,251,418	DNN
53,420,53,391,96,391,96,420	for
495,418,495,390,539,390,539,418	for
429,379,430,356,512,358,512,380	search
184,356,262,354,263,379,184,380	neural
272,353,422,353,422,379,273,380	architecture
522,354,593,352,594,378,523,381	(NAS
54,380,54,351,171,352,171,381	AutoML,
94,331,97,329,101,333,98,336	I
509,342,510,320,545,321,545,343	on
184,318,262,318,263,348,184,349	paper,
553,343,553,319,600,319,600,343	one
277,320,316,317,318,342,279,345	we
424,342,424,314,496,314,496,342	focus
125,343,125,314,176,314,176,343	this
324,342,326,311,416,315,414,347	mainly
92,319,107,316,108,323,93,326	The
420,304,420,281,499,282,499,305	vector
246,290,246,287,249,287,249,290	the
241,290,241,287,244,287,244,290	I
245,292,245,285,250,285,250,292	the
123,309,123,281,150,281,150,309	xx,
274,305,274,280,410,280,410,305	probability
504,276,598,275,598,307,505,308	(simple
56,306,57,275,125,277,124,308	input
152,277,253,272,254,307,154,312	Flx)isa
485,264,485,241,580,241,580,264	number
184,243,365,243,365,261,184,262	dimensionality
375,239,427,238,427,267,376,268	and
104,270,104,239,171,239,171,270	input
53,238,100,236,101,266,54,268	the
432,238,476,236,477,265,433,267	the
407,218,407,212,410,212,410,218	a
131,227,131,203,229,203,229,227	encodes
544,203,596,203,597,227,545,228	whe
260,226,260,203,361,204,361,227	function
53,234,55,202,89,204,87,236	by
496,204,535,202,537,224,497,226	Sm
403,229,405,198,452,201,450,232	HR
55,173,121,170,122,187,56,190	sume
151,168,276,165,276,190,152,194	predictive
519,189,519,164,590,164,590,189	DNN
281,192,282,163,370,166,369,195	setting,
389,183,392,166,408,169,405,185	in
416,188,416,162,489,162,489,188	which
516,144,516,138,523,138,523,144	1
513,144,513,137,517,137,517,144	a
540,152,540,128,598,128,598,152	com
347,131,492,128,492,147,348,150	abstractions
135,151,135,126,199,126,199,151	learn
101,129,125,128,126,149,102,150	to
208,125,335,121,336,149,209,153	high-level
53,152,54,125,94,126,93,153	els
506,148,506,128,531,128,531,148	of
450,89,565,88,565,115,451,117	represent
342,89,444,88,444,117,342,119	(dnns)
219,113,219,91,332,92,332,113	networks
131,91,210,89,210,112,131,115	neural
53,119,54,87,127,88,126,121	Deep
143,24,254,23,255,52,144,54	Neural
477,51,478,25,586,27,585,53	Search
265,47,266,25,465,28,465,50	Architecture
55,54,56,21,106,22,105,55	2.1
