332,592,332,569,413,569,413,592	extent,
241,588,242,569,324,570,323,589	certain
421,568,479,566,479,596,422,598	>they
186,568,217,567,218,592,186,593	so
22,590,22,569,178,570,178,590	vulnerability
574,569,598,567,600,591,576,592	in
545,592,546,566,575,567,574,593	ltoi
483,592,483,566,540,566,540,592	tend
497,555,498,531,598,534,597,558	strategie
21,535,133,533,133,551,21,553	connects.
211,554,211,530,277,530,277,554	show
427,554,427,528,489,528,489,554	such
285,556,285,527,338,527,338,556	that
349,529,418,527,419,552,349,553	while
154,557,154,527,203,527,203,557	We
19,497,118,494,119,521,20,524	process,
201,515,202,494,229,495,228,516	as
567,516,567,493,600,493,600,516	suns
433,490,504,489,504,520,434,522	depth
376,517,376,490,427,490,427,517	cell
238,517,238,490,368,493,368,520	increasing
132,516,132,491,191,491,191,516	such
511,517,512,489,562,490,562,518	and
127,455,242,454,243,482,127,484	strategies
469,479,469,454,597,454,597,479	robustness
387,455,462,454,462,478,387,478	attack
252,454,304,451,306,478,253,480	that
20,476,21,452,118,452,118,477	in-Nas
312,477,312,451,377,451,377,477	build
335,416,442,415,442,439,335,441	dversarial
227,447,228,412,296,415,295,450	(e.g.s
91,441,92,412,221,413,220,443	mitigation
557,419,597,416,599,441,559,444	[42
452,440,453,413,549,418,548,445	training
21,440,21,415,83,415,83,440	NAS
304,440,304,416,337,416,337,440	adv
268,381,355,380,355,403,269,404	discuss
218,381,259,375,263,402,222,408	>We
485,378,596,377,596,402,485,403	remedies
363,382,476,376,478,402,365,408	potential
115,403,116,374,210,378,209,407	Finally
49,377,93,376,93,402,50,403	A3
19,340,61,339,62,362,20,364	ent
487,340,576,339,576,362,487,362	attacks.
70,343,215,340,215,360,70,363	connections
226,339,361,338,361,367,226,369	underlying
374,336,476,335,477,360,374,362	different
545,330,546,303,600,306,600,333	sugs
182,302,259,300,260,325,183,327	attack
268,329,268,300,426,300,426,329	vulnerability
487,299,540,298,540,325,488,325	also
21,299,118,298,118,326,21,326	teristics
127,325,127,298,176,298,176,325	and
436,297,479,295,480,324,437,326	but
551,286,552,266,598,268,597,287	veen
490,287,490,263,552,263,552,287	betwe
321,285,321,260,482,263,482,289	relationships
175,263,266,261,267,286,175,288	reveals
61,287,63,261,107,263,106,289	not
18,262,57,261,57,287,19,288	sis
110,292,110,259,169,259,169,292	tonly
270,262,315,258,318,287,273,291	the
518,248,518,227,596,228,596,249	varian
406,252,406,226,507,226,507,252	gradient
141,227,288,225,288,248,141,250	smoothness
82,250,82,224,134,224,134,250	loss
348,250,348,223,398,223,398,250	low
295,223,344,222,345,250,296,250	and
18,254,18,220,78,220,78,254	high
220,192,341,187,342,211,221,215	properties
528,211,528,187,599,189,598,213	variou
351,187,402,186,402,212,352,213	that
56,188,209,187,209,209,56,210	architectural
408,186,516,185,516,208,409,209	facilitate
180,173,181,151,292,154,291,177	converge
574,175,574,152,598,152,598,175	st
22,150,111,149,112,172,22,172	models
359,173,359,150,384,150,384,173	at
120,150,171,148,172,172,121,174	that
466,174,467,146,564,149,564,177	training
392,176,392,147,456,147,456,176	early
302,173,302,148,350,148,350,173	fast
359,134,359,113,520,114,520,136	convergence.
107,134,107,110,197,112,196,135	models
292,135,292,110,351,110,350,136	their
204,112,283,109,284,135,204,137	before
22,134,22,109,97,109,97,134	didate
530,137,530,107,590,107,590,137	This
272,100,272,74,425,75,425,101	prematurely
19,101,19,74,80,74,80,101	cost,
436,96,436,75,539,75,539,96	evaluate
162,98,162,73,229,74,228,99	tends
238,98,239,73,267,74,266,99	to
88,72,152,70,153,95,89,98	NAS
547,71,590,70,591,98,547,99	the
237,50,239,48,242,51,239,53	I
235,49,235,46,238,46,238,49	a
233,49,233,46,236,46,236,49	I
235,48,235,44,238,44,238,48	I
233,47,233,44,236,44,236,47	I
545,64,545,37,600,37,600,65	spac
454,61,454,37,536,37,536,61	search
225,56,225,39,246,39,246,56	to
307,37,445,33,446,60,308,64	prohibitive
166,60,166,33,215,33,215,60	due
256,34,301,33,302,61,258,63	the
23,59,23,34,153,37,152,62	Intuitively
280,2,438,1,438,21,280,22	explanations
167,4,272,1,272,22,168,24	possible
538,1,598,0,598,21,538,22	abov
65,3,159,0,160,20,65,24	provide
21,1,59,0,60,23,22,24	we
491,22,491,0,532,0,532,22	the
443,22,443,0,485,0,485,22	for
