456,571,598,568,599,591,457,594	performanc
84,568,140,566,140,591,84,592	tend
22,567,78,564,80,594,23,597	>they
249,568,380,567,380,588,249,589	non-trivial
175,566,244,565,244,592,175,593	incur
144,592,144,566,174,566,174,592	Itoi
573,536,600,535,600,554,574,555	us
456,536,563,536,563,552,457,553	rameters
97,530,217,528,217,557,97,559	strategies
29,554,29,529,88,529,88,554	such
339,528,384,527,384,555,339,556	the
227,556,227,529,330,529,330,556	mitigate
166,492,319,491,319,522,167,523	suppressing
516,494,593,491,594,516,516,519	which
457,490,508,489,508,525,457,526	391,
326,489,382,488,382,522,327,523	skip
33,490,105,489,105,520,34,522	depth
112,516,113,489,163,489,163,517	and
0,492,25,491,26,515,0,516	ell
458,479,458,460,597,460,597,479	arrangemer
69,478,69,455,201,455,201,478	robustness
2,478,2,454,62,454,62,478	ttack
318,477,318,451,381,452,381,478	NAS
268,481,268,451,312,451,312,481	the
208,450,264,449,265,478,209,480	into
540,446,541,416,600,420,598,449	repe
239,419,279,418,279,443,240,444	we
155,447,157,412,233,415,232,449	[421),
456,442,456,414,533,414,533,442	which
285,416,382,413,383,441,286,444	explore
52,440,53,413,150,416,149,444	training
0,414,45,413,46,440,0,441	rial
455,385,498,383,499,402,456,404	cus
502,405,502,382,539,382,539,405	SON
318,378,392,376,393,409,319,411	post-
1,377,77,377,77,402,1,403	tential
541,379,582,377,583,403,542,405	the
84,377,199,376,199,402,84,404	remedies.
214,400,215,377,313,377,312,400	Besides
553,346,599,345,600,367,553,367	seai
489,365,489,342,547,342,547,365	their
458,365,458,343,481,343,481,365	to
87,341,179,339,179,360,87,362	attacks
0,339,78,336,79,362,1,365	fferent
8,316,8,312,11,312,11,316	I
146,304,254,302,254,329,147,331	suggests
545,327,545,302,598,304,597,329	exis
3,305,28,305,28,326,3,326	ity
486,328,486,300,540,300,540,328	The
87,325,87,300,140,300,140,325	also
309,325,309,298,379,298,379,325	inher-
260,300,304,296,307,323,263,327	their
36,299,79,296,81,324,37,327	but
294,285,295,261,388,263,387,287	charac-
91,285,92,264,197,268,196,290	between
207,285,207,262,287,262,287,285	model
1,289,2,257,85,260,84,292	nships
7,228,108,224,109,247,8,250	gradient
116,225,238,224,238,251,116,253	variance).
307,252,307,222,378,224,378,254	ranaly-
246,251,246,222,304,223,303,252	Our
227,211,227,188,312,188,312,211	attacks
318,216,321,184,386,190,384,222	s(e.,
128,188,218,186,218,210,129,211	various
9,188,116,186,116,207,10,209	facilitate
173,178,174,149,257,152,256,181	stages,
268,176,268,150,381,150,381,176	resulting
67,176,67,149,165,149,165,176	training
0,177,0,146,58,147,57,178	early
538,168,538,141,598,141,598,168	umi
493,145,537,141,539,168,495,172	viar
2,138,2,113,120,114,120,138	vergence.
195,112,295,109,296,136,195,139	practice
302,135,302,110,382,110,381,136	favors
129,107,190,107,190,136,130,137	This
453,105,543,104,543,139,454,140	space),
550,105,596,103,597,132,552,134	>the
331,97,332,75,380,77,379,99	can-
197,103,197,73,285,75,285,105	quality
37,75,138,74,138,95,37,96	evaluate
297,95,298,74,323,75,322,96	of
147,100,147,70,192,70,192,100	the
535,67,578,66,579,94,535,95	the
491,66,528,64,530,93,493,95	be
145,38,218,37,219,65,145,66	space
54,37,137,36,137,59,55,60	search
282,59,283,32,381,36,380,63	training
226,61,226,33,275,33,275,61	and
0,59,0,33,48,33,48,59	tive
455,56,457,28,530,31,529,60	mally
539,56,539,29,577,29,577,56	let
222,21,222,3,382,3,382,21	observations.
0,25,0,1,41,1,41,25	ons
139,20,139,1,212,1,212,20	above
500,21,500,0,597,1,597,22	`pertorm
454,20,454,0,496,0,496,20	for
91,22,91,0,131,0,131,22	the
43,0,85,0,85,22,44,23	for
