228,575,272,574,272,591,228,592	our
288,570,416,569,416,592,288,592	discussion
46,592,47,569,207,570,207,593	Nevertheless,
0,554,0,531,65,534,64,558	cent,
163,532,222,531,222,554,163,556	their
229,533,417,532,417,552,230,553	state-of-the-art
127,557,127,531,158,531,158,557	to
74,530,121,529,122,555,74,557	due
377,525,379,496,427,498,425,527	pa-
292,516,292,492,373,493,373,517	model
80,496,226,494,226,514,81,516	architecture
237,492,287,491,287,517,238,518	and
28,492,70,491,71,517,29,518	the
80,477,80,454,246,454,246,478	differentiable
322,483,323,453,413,454,412,484	[11,355,
255,479,255,452,318,452,318,480	NAS
44,454,71,453,72,478,45,480	of
251,445,252,417,314,420,313,448	pre-sp
75,419,183,419,183,440,75,441	structure
305,418,416,414,417,439,306,443	-specified
17,442,17,415,66,415,66,442	cell
33,401,33,380,189,382,188,403	architectures
247,402,248,379,325,379,325,403	,46,47,
323,378,371,377,372,404,323,405	7,58,6
194,376,244,375,244,408,195,409	[39,
369,405,371,376,418,378,416,407	,64]
0,379,27,376,29,401,0,403	eda
339,345,378,340,381,367,342,371	>We
0,340,105,339,105,368,1,369	trategies.
202,364,203,338,328,343,327,369	following,
155,341,196,339,198,365,157,367	the
118,340,150,340,150,360,118,360	In
382,365,383,336,422,338,421,367	fo-
41,328,41,308,90,308,90,328	can
292,328,292,302,416,305,416,330	according
136,305,281,303,281,328,136,330	categorized
0,305,37,304,38,328,0,330	ods
95,302,130,301,131,328,96,329	be
113,249,113,212,234,214,234,251	D'If(X),y)
0,248,3,213,111,221,108,255	ExynDl
71,143,192,142,192,170,72,170	objective
0,171,1,141,63,144,61,174	wing
8,109,116,105,117,131,9,135	searches
346,106,418,105,419,131,347,131	DNN
197,107,338,103,338,130,197,134	performant
123,132,123,103,166,103,166,132	for
334,71,416,70,416,93,334,94	search
164,93,164,68,254,68,254,93	models
46,98,47,66,153,68,153,99	possible
264,99,264,65,327,65,327,99	(i.e.
10,94,10,67,39,67,39,94	of
1,57,1,32,76,32,76,57	ataset,
309,54,309,32,417,32,417,54	function,
247,32,299,30,300,55,248,57	loss
200,55,200,30,242,30,242,55	the
160,31,194,26,197,55,164,59	be
293,2,356,0,357,22,294,24	5181
143,0,216,0,216,23,143,24	given
223,17,223,0,286,0,286,18	tasks
97,1,139,0,140,18,97,19	for
2,1,89,0,89,19,2,19	ectures
366,20,366,0,419,0,419,21	por-
