556,377,556,375,558,375,558,377	-
553,377,553,375,555,375,555,377	I
318,372,360,370,360,381,318,382	our
539,382,539,370,565,370,565,382	of
365,367,419,366,419,382,365,382	hest
70,370,239,369,239,382,70,382	ontributions
426,382,426,366,539,366,539,382	knowled
20,323,110,319,111,341,21,346	portant
234,342,235,318,321,319,321,343	further
326,319,493,317,494,346,326,348	investigation.
187,344,187,317,228,317,228,344	for
117,347,117,316,182,317,182,348	topic
244,283,377,283,377,305,244,305	robustness
441,283,522,281,523,305,442,307	search
160,282,234,281,234,305,160,306	attack
21,303,21,282,145,286,144,307	formance
387,281,435,281,436,306,387,306	and
534,279,598,277,599,305,534,306	effici
536,267,536,243,597,243,597,267	betw
19,268,20,241,200,243,199,270	understanding
255,244,412,244,412,266,255,267	fundamental
206,243,247,240,248,266,207,268	the
419,267,419,239,531,240,531,268	trade-off
19,209,84,207,84,229,20,231	costs
126,206,206,205,206,231,126,232	search
400,207,478,206,479,230,400,231	model
215,234,215,204,338,204,338,234	efficiency
346,204,395,203,396,229,347,230	and
485,205,600,202,600,230,486,233	Iperforma
88,230,88,204,123,204,123,230	soft
332,194,333,168,417,169,417,195	extent
422,196,422,167,479,167,479,196	>they
240,169,325,168,326,190,241,191	certain
21,190,22,166,179,169,179,193	vulnerability
485,169,540,168,540,190,485,191	tend
186,169,214,167,216,193,187,194	to
544,193,545,167,574,168,574,194	toil
22,150,22,135,129,136,129,150	connects
497,154,498,128,600,132,599,158	strategie
287,130,338,128,339,154,288,155	that
428,129,488,129,488,154,428,154	such
348,154,348,129,418,129,418,154	while
212,131,276,130,277,153,213,154	show
158,129,202,127,203,154,159,155	We
20,97,121,95,121,119,21,122	process,
568,117,568,96,599,96,599,117	su
201,96,231,96,231,117,201,118	as
132,92,192,92,193,117,132,117	such
434,120,434,89,505,90,504,121	depth
513,91,563,89,564,116,514,117	and
238,115,238,90,368,91,367,117	increasing
377,91,425,90,426,116,377,117	cell
470,78,470,56,600,57,599,79	robustness
387,56,461,54,462,78,387,80	attack
255,54,304,53,304,77,255,78	that
126,80,126,51,245,52,245,81	strategies
22,75,22,53,118,56,117,78	in-Nas
310,77,311,53,378,54,378,78	build
266,39,266,36,268,36,268,39	I
249,36,249,33,252,33,252,36	the
255,33,257,32,258,33,256,35	the
248,34,248,32,250,32,250,34	-
256,32,256,30,258,30,258,32	the
249,33,249,30,252,30,252,33	-
247,32,249,30,251,32,249,33	a
253,31,253,29,255,29,255,31	I
233,42,236,17,298,23,295,49	(e.g.s
452,38,454,13,550,18,548,44	training
306,19,443,17,444,40,306,41	adversarial
91,16,222,14,222,42,91,43	mitigation
20,40,20,15,83,15,83,40	NAS
555,43,556,13,600,15,600,45	[42
