66,588,66,572,171,573,170,590	respectively
397,573,434,572,434,587,397,588	COST
23,591,23,571,63,571,63,591	ters,
489,570,547,570,547,588,489,589	nested
300,570,394,570,394,591,300,592	prohibitive
206,587,206,570,266,570,266,587	handle
436,570,458,570,458,588,436,588	toft
267,588,267,570,297,570,297,588	the
459,588,459,568,487,568,487,588	fthe
176,569,206,568,206,589,177,590	Tok
480,563,480,547,549,548,548,564	parame-
182,545,240,544,240,562,182,563	denote
278,546,378,546,378,560,278,561	architecture
419,562,419,543,475,544,475,563	Imodel
126,544,161,542,162,562,128,565	fand
382,563,382,543,417,543,417,563	and
242,544,272,542,273,562,244,564	the
62,566,62,540,123,541,123,567	tain
363,521,445,520,445,534,363,535	validation
23,520,77,520,78,536,24,537	where
512,540,512,519,548,519,548,540	>and
323,520,357,519,358,537,323,538	and
186,537,186,519,217,519,217,537	LARE
450,536,451,516,509,518,508,538	losses
251,538,252,519,318,519,318,539	training
116,520,149,519,149,536,116,536	and
82,538,84,516,115,519,113,541	Lines:
219,537,219,518,249,518,249,537	the
151,542,151,516,188,516,188,542	Lval
43,479,44,464,81,465,81,480	min
377,481,378,463,414,464,414,482	gmin
348,483,348,464,379,464,379,483	fargr
118,485,118,461,207,461,207,485	(O*(
85,481,87,459,122,462,121,484	Lvai
522,478,522,462,544,462,544,478	(4)
418,486,419,460,502,461,502,487	Lines:
223,482,223,461,254,461,254,482	S.t.
272,483,273,459,337,461,336,485	ota)-
25,413,103,413,103,431,25,432	objective
109,429,109,412,187,414,186,430	function:
87,389,143,387,143,404,88,406	search
318,405,318,389,339,389,339,405	as
438,389,545,388,545,403,438,403	optimization
216,388,312,387,313,404,216,405	formulated
171,386,211,385,211,405,172,406	thus
363,404,363,384,431,385,431,405	bi-level
43,385,82,384,82,405,44,406	The
442,381,443,363,492,364,492,382	gmaxo
413,382,413,363,444,363,444,382	argr
226,379,226,362,269,362,269,379	most
328,362,411,361,411,380,328,380	operation
24,380,24,358,107,361,106,382	replacing
271,380,272,357,324,359,323,383	likely
192,360,224,359,224,378,193,379	the
150,378,151,358,191,359,190,379	with
490,359,535,355,538,378,492,383	oahood
108,357,146,354,148,377,110,380	ging
425,350,425,345,435,345,435,350	I'd
539,346,539,343,541,343,541,346	I
315,351,315,337,414,337,414,351	architecture
154,354,154,335,215,335,215,354	search,
524,356,526,334,546,336,543,358	by
445,336,516,336,516,350,445,351	obtained
239,351,239,334,308,335,308,352	discrete
121,353,122,333,150,334,149,354	the
94,354,94,333,118,333,118,354	loft
55,353,56,332,91,333,91,354	end
24,353,24,332,54,332,54,353	the
416,328,416,309,496,309,496,328	operation
248,326,248,309,324,309,324,326	trainable
124,326,124,310,213,310,213,326	represents
24,310,79,309,79,326,24,327	where
519,327,519,308,549,308,549,327	At
328,329,328,307,389,308,388,330	weight
215,326,215,308,245,308,245,326	the
390,327,392,306,414,308,412,329	tofo
80,305,120,303,121,326,81,328	and
219,282,220,263,257,266,256,284	OCO
257,281,258,258,312,260,311,283	Edden
306,260,403,252,405,278,308,285	Happy)
390,240,438,239,438,269,391,270	-0(x)
130,262,133,232,201,238,198,268	and
283,224,369,223,369,247,283,249	explain)
340,193,340,183,348,183,348,193	a
425,198,427,179,468,182,467,201	over
315,196,315,181,335,181,335,196	to
136,182,217,180,217,196,137,199	operation
108,197,108,180,134,181,133,198	fan
352,198,352,177,424,178,424,199	softmax
242,196,242,178,312,178,312,196	reduced
222,196,222,179,238,179,238,196	is
23,177,82,176,82,196,24,198	choice
85,196,85,178,110,178,110,196	cofa
449,171,449,153,546,154,546,172	categorical
317,154,410,153,410,172,317,172	operations,
172,172,172,153,200,153,200,172	set
229,155,310,153,310,170,229,172	candidate
23,175,24,151,89,152,88,176	Letting
416,171,416,151,447,151,447,172	>the
203,172,203,152,225,152,225,172	tof
139,152,170,151,171,171,140,173	the
113,152,138,151,139,172,114,173	be
496,130,551,130,552,149,496,149	space
364,147,364,129,390,129,390,147	on
94,148,94,128,157,128,157,148	applies
431,128,487,128,487,145,431,145	search
269,145,269,128,355,128,355,145	relaxation
167,131,259,129,259,141,167,143	continuous
24,145,24,128,88,128,88,145	DARTS
392,127,425,126,425,145,393,146	the
443,117,443,103,545,105,544,118	architecture,
138,120,138,103,210,103,210,120	gradient-
271,103,377,102,377,118,271,119	optimization
203,103,264,101,265,119,204,120	at-based
74,120,75,100,133,101,133,120	enable
386,119,386,101,404,101,404,119	of
407,120,407,99,437,99,437,120	the
44,100,71,99,72,121,45,122	Toe
237,91,237,79,249,79,249,91	m
272,92,273,76,303,77,303,93	nin)
143,74,225,73,226,95,144,97	(typically
87,94,87,73,141,73,141,94	nodes
23,94,24,71,84,74,83,98	ceding
501,60,501,57,504,57,504,60	a
510,51,553,49,554,76,511,78	pre
478,59,478,55,481,55,481,59	mother
493,65,494,53,508,54,507,66	m
470,62,473,50,486,54,483,66	to
373,52,461,49,462,65,374,68	connected
189,64,189,52,294,52,294,65	intermediate
142,49,183,49,183,66,142,67	each
24,49,81,47,82,69,24,71	nodes,
303,65,304,47,347,49,346,67	node
88,48,138,47,138,67,88,68	while
254,23,385,22,385,42,254,43	trepresentations
73,26,164,25,164,42,73,42	aggregates
24,42,24,24,69,24,69,42	node
438,38,438,23,545,24,545,39	intermediate
200,40,200,23,250,23,250,40	latent
166,24,197,23,198,41,167,42	the
388,22,433,22,434,40,389,41	from
