428,595,428,574,478,574,478,595	query
248,592,248,571,315,572,315,593	through
194,573,227,571,229,596,196,598	ingf
482,573,562,571,562,591,482,592	interface.
387,590,387,571,423,571,423,590	-box
336,589,336,572,385,573,385,590	black
90,588,90,571,147,571,147,588	nested
0,589,0,571,34,571,34,589	cost
567,591,567,570,600,570,600,591	"No
58,570,88,569,88,588,59,589	fther
36,588,36,570,58,570,58,588	toft
471,561,473,554,486,557,484,563	to
564,564,565,548,600,551,600,566	model
404,564,404,547,465,547,465,564	similar
78,563,78,547,145,547,145,564	parame-
507,548,561,547,561,564,507,565	victim
296,565,296,546,399,547,398,566	functionally
236,568,236,546,260,546,260,568	lby
264,566,264,545,291,545,291,566	0:10
196,566,196,545,234,545,234,566	ized
19,561,19,544,75,545,74,562	model
3,558,3,547,12,547,12,558	a
338,532,338,529,341,529,341,532	-
358,538,358,523,437,523,437,539	construct
541,539,541,522,595,522,595,539	model
196,540,196,522,280,522,280,540	adversary
459,521,534,520,535,538,459,539	replicate
335,537,335,522,350,522,350,537	to
286,539,286,519,329,519,329,539	aims
112,539,112,519,149,519,149,539	and
51,535,52,517,108,520,107,537	losses,
2,536,2,519,48,519,48,536	lation
573,513,573,497,600,497,600,513	ste
344,514,345,493,420,496,419,517	ystealing-
459,512,460,495,566,496,566,513	functionality
219,510,219,493,339,496,339,513	Functionality
435,513,435,495,455,495,455,513	Ini
45,486,45,459,104,459,104,486	(O,a)
18,482,20,459,57,462,55,485	Lim(
346,478,346,461,434,461,434,478	objectives.
306,478,307,460,344,461,343,479	two
197,478,197,458,271,459,271,478	balances
274,458,306,458,306,479,274,480	the
554,456,555,434,600,438,599,460	ehype
308,450,308,436,418,437,418,451	misclassifed
256,452,256,436,274,436,274,452	to
195,457,195,434,252,434,251,457	inputs
483,452,483,434,519,434,519,452	and
466,451,466,437,478,437,478,451	t,
520,453,521,432,553,433,552,454	the
278,434,302,433,303,452,279,453	be
422,433,460,432,461,452,423,453	into
561,428,561,411,600,411,600,428	ensu
516,427,516,410,558,410,558,427	term
243,429,243,408,322,409,322,430	correctly
449,409,511,408,512,426,449,427	second
327,409,411,407,412,425,328,427	classified
195,411,214,408,217,426,197,429	to
416,408,448,407,449,427,417,428	the
217,429,217,407,243,407,243,429	be
37,388,145,386,146,403,38,406	optimization
372,393,372,390,375,390,375,393	I
0,404,0,385,31,386,31,405	vel
240,402,241,384,350,386,350,404	transparency
504,400,504,384,578,384,578,400	enforces
458,400,458,383,500,383,500,400	term
361,401,362,385,379,386,378,402	X),
196,401,196,382,237,382,237,401	with
416,401,416,381,454,382,454,402	first
383,382,413,381,415,401,384,402	the
42,381,42,364,91,364,91,381	gmaxo
14,381,14,363,43,363,43,381	argi
5,376,5,366,12,366,12,376	N
196,375,196,358,250,358,250,375	where
90,360,134,355,136,378,92,382	said
501,376,501,357,530,358,530,377	set
296,359,364,358,364,373,296,374	selected
253,376,253,356,292,356,292,376	rtis
557,379,558,354,596,355,595,381	le.g.
430,374,430,355,499,356,499,375	feasible
369,374,369,356,411,356,411,374	from
0,355,0,336,19,336,19,355	re
45,350,45,335,116,335,116,350	obtained
122,355,128,333,148,338,142,360	by
15,309,96,307,96,326,16,328	foperation
121,326,121,309,148,309,148,326	At
264,306,314,304,315,323,265,325	RERO
312,311,313,289,399,293,398,315	Expans
503,298,506,290,515,293,512,301	I
399,307,399,286,498,287,497,308	[L(ft),y)
270,304,270,288,306,288,306,304	min
510,287,596,286,596,306,511,308	HEL(FORT
0,243,37,239,39,261,1,265	o(x)
247,231,339,229,339,248,247,250	optimizing
465,230,548,230,549,248,465,249	objective
375,246,376,228,461,232,460,251	following
215,250,218,228,242,231,239,253	*by
343,230,372,228,373,247,344,249	the
466,215,466,211,469,211,469,215	I
566,222,566,208,600,208,600,222	asso
327,209,446,206,446,220,327,222	parameterized
211,205,263,204,263,224,212,225	trojan
455,223,455,207,472,207,472,223	by
267,222,267,205,322,205,322,222	model
503,221,504,203,537,203,537,222	and
536,223,538,200,565,202,563,225	dits
27,196,27,182,67,182,67,196	over
0,198,0,182,25,182,25,198	ax
454,194,455,176,541,182,539,200	adversary
227,197,227,178,280,180,279,199	target
577,196,578,179,600,180,599,197	eatter
546,198,546,178,575,178,575,198	,the
329,196,329,178,392,178,392,197	desired
282,177,326,176,326,196,282,196	class
194,178,225,177,225,197,195,198	the
394,199,396,176,420,178,418,201	dbyt
420,177,452,176,452,197,421,198	the
51,155,145,155,145,171,51,172	categorical
524,172,524,152,591,153,591,172	training
356,173,356,151,415,152,415,174	letting
16,153,46,152,46,171,17,172	the
422,173,423,149,458,152,457,175	Dim
488,171,488,151,518,151,518,171	the
264,170,265,150,347,153,346,174	Formally
459,151,482,151,482,170,459,170	be
418,138,418,135,422,135,422,138	I
416,138,416,135,418,135,418,138	I
96,130,149,129,150,149,96,150	space
510,147,510,128,600,129,600,149	trigger-em
31,145,31,128,87,128,87,145	search
435,146,436,125,502,127,501,149	feeding
410,141,410,129,425,129,425,141	bv
324,126,398,125,398,145,324,145	function
232,127,316,127,317,143,232,144	malicious
1,145,1,127,24,127,24,145	the
194,126,225,125,226,144,195,145	the
43,117,43,104,141,105,141,118	architecture,
301,117,301,103,359,103,359,118	victim;
390,118,390,100,471,101,471,119	inference
367,118,367,102,386,102,386,118	at
7,120,7,101,36,101,36,120	the
559,100,600,100,600,120,560,121	adve
476,119,476,101,520,101,520,119	time
236,122,238,99,260,100,259,123	by
195,118,196,98,234,100,233,120	task
263,100,295,98,296,119,264,122	the
525,99,557,98,558,119,526,121	the
251,87,251,83,255,83,255,87	I
566,84,566,82,568,82,568,84	<
251,84,251,80,255,80,255,84	I
282,76,343,75,343,97,283,98	trigger
248,87,252,79,264,84,260,92	to
440,93,440,75,489,75,489,93	which
345,76,408,74,408,95,345,96	pattern
559,91,559,76,575,76,575,91	in
411,91,411,76,431,77,430,92	r*,
579,93,579,75,599,75,599,93	the
195,94,195,73,244,73,244,94	sitive
513,92,513,72,556,72,556,92	sused
493,93,493,73,510,73,510,93	is
100,60,100,57,103,57,103,60	I
110,52,152,49,154,75,112,78	press
93,65,93,54,108,54,108,65	m
377,68,377,50,460,52,459,69	adversary
538,69,538,50,592,50,592,69	trojan
464,69,464,47,521,48,520,70	forges
260,67,260,48,318,48,318,67	model
196,70,196,47,257,47,257,70	benign
2,49,62,49,62,65,2,66	nected
341,48,373,45,374,66,342,69	,the
0,41,0,27,33,27,33,41	rom
574,25,600,25,600,42,574,42	via
491,42,492,23,565,25,564,44	training,
40,38,40,26,145,26,145,39	intermediate
423,42,423,23,487,24,486,43	During
316,41,316,23,398,23,398,41	injection
219,40,219,23,308,24,308,41	Backdoor
