0,593,0,578,29,578,29,593	nce
64,583,64,581,66,581,66,583	I
79,590,79,575,184,579,184,594	membership
276,598,276,574,320,574,320,598	150]
64,581,64,579,66,579,66,581	the
190,592,191,573,272,573,272,593	inference
62,583,62,578,68,578,68,583	I
122,557,122,539,238,542,237,561	construction).
19,544,43,543,44,559,20,560	YORK
0,557,1,542,20,544,18,559	m
46,560,46,540,117,540,117,560	adaptive
224,524,224,522,226,522,226,524	:
224,521,227,521,227,526,224,526	I
92,532,92,516,153,516,153,532	attacks
18,534,19,514,88,516,87,536	stealing
233,533,233,515,271,516,271,534	how
159,515,207,515,207,532,159,532	differ
22,470,23,447,117,452,116,475	Eric
0,450,23,449,24,464,0,465	inl
119,471,119,441,243,442,242,472	References:
9,434,9,406,90,406,90,435	(x),fry
9,371,9,355,90,355,90,372	objective:
65,328,129,327,129,349,66,349	queries
0,329,36,328,36,347,0,347	ber
264,328,317,327,318,345,264,346	which
134,345,135,327,158,329,157,347	told
186,348,187,326,255,328,255,349	issued),
40,346,40,327,62,327,62,346	-of
158,327,184,326,185,346,158,347	be
160,314,172,314,172,319,160,319	the
13,323,13,305,63,306,63,324	query
70,307,125,306,125,321,70,322	access
131,324,131,303,160,303,160,324	tool
242,302,316,301,317,322,243,323	typically
181,301,215,301,215,320,181,321	and
171,298,171,278,212,279,212,299	ymayr
85,280,168,279,168,295,86,295	adversary
3,296,3,278,47,278,47,296	(note:
213,278,243,276,244,294,213,295	ynot
245,294,245,276,288,276,288,294	thave
289,276,319,276,319,294,289,295	the
51,277,81,275,82,293,52,295	the
202,254,284,254,284,271,202,271	generates
145,269,145,251,197,251,197,269	attack
2,267,3,249,103,251,102,269	distribution,
288,250,319,249,320,269,288,269	the
109,251,140,250,140,268,110,269	the
38,228,134,226,135,242,38,244	parameters.
14,243,14,227,34,227,34,243	or
236,244,236,225,292,225,292,244	letting
146,241,146,221,227,225,226,245	Formally
195,201,297,201,297,215,195,215	re-construct
122,200,163,199,163,215,122,216	aims
82,200,116,197,118,215,83,217	that
37,198,78,197,79,220,37,222	[54]
0,197,34,197,35,222,0,222	ling
168,216,168,198,191,198,191,216	told
28,193,28,174,79,175,78,194	query
0,192,0,176,25,176,25,192	OX
172,192,172,173,243,174,242,193	Notably
83,191,83,173,163,173,163,191	interface.
249,173,285,170,287,192,251,194	sitis
287,171,318,169,320,190,289,192	diff-
76,160,76,158,78,158,78,160	I
75,159,75,157,77,157,77,159	I
73,151,85,151,85,162,74,162	to
272,148,320,146,321,168,273,171	prob-
4,148,64,147,64,164,5,164	similar
166,163,167,147,221,148,221,165	model
108,147,161,146,161,163,108,164	victim
243,167,243,146,272,146,272,167	via
0,139,1,122,39,122,39,139	truct
223,122,317,119,317,138,223,141	(parameter
140,139,140,121,196,121,196,139	model
59,120,135,118,135,138,60,140	replicate
172,96,240,96,240,115,172,116	stealing
243,95,287,94,287,116,244,117	[44],
60,111,60,97,167,97,167,111	functionality
289,115,289,94,320,94,320,115	>the
0,78,0,60,35,61,35,78	ives.
72,48,72,40,77,40,77,48	a
157,36,298,35,298,51,158,53	hyper-parameter
85,52,86,35,117,35,117,52	and
122,34,152,33,152,53,122,54	the
0,35,21,33,22,52,0,54	edi
24,33,60,32,60,51,25,52	into
162,27,162,12,226,12,226,27	ensures
117,26,117,11,158,11,158,26	term
260,28,261,9,320,11,319,30	trigger
51,9,112,9,112,25,51,26	second
231,8,258,8,258,27,232,28	all
18,9,48,8,49,26,19,27	the
