100,261,100,260,101,260,101,261	a
351,271,352,249,503,254,502,275	perturbation(
278,270,278,252,346,252,346,270	allowed
222,253,250,253,250,270,222,270	set
110,251,184,248,185,269,111,272	specifies
190,252,219,251,219,269,190,269	the
90,260,95,252,105,258,100,266	B.
24,253,78,250,79,269,25,272	where
251,270,251,250,277,250,277,270	tofa
209,224,210,209,241,210,241,225	SEBE
210,208,210,191,245,191,245,209	min
245,214,246,184,364,187,363,217	inflxtell
129,152,129,150,130,150,130,152	Webber's
77,167,78,140,142,142,141,169	s(x8)b
23,160,24,142,74,143,73,161	crafts
300,159,300,142,385,144,384,162	following
268,142,297,142,297,160,268,161	the
172,142,264,141,264,162,172,163	optimizing
141,164,142,142,168,143,167,165	by
392,142,475,140,475,159,392,161	objective
149,136,150,117,200,118,199,138	target
494,134,494,117,547,118,547,135	attack
371,133,372,117,456,121,456,136	adversary
25,135,25,117,80,118,80,136	letting
249,117,311,116,311,134,249,134	desired
202,117,245,116,246,134,203,135	tclass
463,117,491,116,492,133,464,135	,the
340,117,369,115,370,134,341,135	ythe
119,116,147,116,147,134,119,134	the
313,115,338,115,339,137,314,138	dbyt
93,134,93,115,118,115,118,134	be
385,98,385,97,386,97,386,98	coin
383,98,383,97,384,97,384,98	mother
376,100,376,96,377,96,377,100	Webber's
490,108,491,91,548,92,548,109	attack
414,111,414,91,486,92,485,112	targeted
26,93,79,92,79,107,26,108	model
131,93,221,91,221,105,131,106	misbehave
379,99,379,94,388,94,388,99	and
282,108,283,88,363,91,362,111	Formally
227,112,228,89,272,90,272,113	[21]
104,91,126,89,128,107,106,110	told
408,69,458,68,458,82,408,82	cause
23,82,23,68,58,68,58,83	one
495,85,495,64,548,64,548,85	target
461,64,492,64,492,83,461,84	the
249,67,354,64,354,81,250,84	perturbation
384,66,404,64,405,81,385,83	to
124,83,124,64,245,65,244,84	imperceptible
79,65,119,63,120,81,80,83	with
341,48,341,47,343,47,343,48	:
297,48,297,47,298,47,298,48	I
297,46,298,45,299,46,298,48	I
112,43,135,42,136,57,113,58	an
25,60,25,41,107,41,107,60	generates
291,57,292,38,352,41,351,60	(x+8)
497,60,497,39,545,39,545,60	begin
140,54,141,38,235,39,235,55	adversarial
385,55,386,37,476,40,476,59	modifying
356,60,356,39,381,39,381,60	by
239,57,240,37,286,39,285,59	input
463,29,464,14,546,16,545,32	adversary
427,30,427,13,456,13,456,30	the
375,15,419,13,420,30,376,32	time,
45,14,157,13,157,29,45,30	Adversarial
164,12,231,10,232,29,164,30	evasion
287,12,369,11,369,29,287,30	inference
257,30,257,10,282,10,282,30	At
