151,268,151,267,153,267,153,268	I
2,255,44,254,44,269,2,270	data:
206,271,206,252,319,253,318,272	effectiveness
168,270,168,253,202,253,202,270	The
92,273,93,250,164,254,162,277	A(x,f)
1,246,2,231,22,231,22,246	ry
212,229,281,228,282,245,212,246	whether
118,242,119,225,206,229,205,247	indicating
26,227,96,226,96,245,26,245	variable
284,248,284,226,320,226,320,248	rxis
150,216,150,214,151,214,151,216	=
149,216,149,214,150,214,150,216	a
148,216,148,214,149,214,149,216	I
147,216,147,214,148,214,148,216	I
305,214,306,213,307,214,306,215	I
150,215,150,213,151,213,151,215	Electric)
149,215,149,213,150,213,150,215	I
148,215,148,213,149,213,149,215	I
149,213,149,212,150,212,150,213	I
149,212,149,211,150,211,150,212	I
156,212,157,210,158,212,157,213	the
156,209,156,207,157,207,157,209	I
207,219,207,200,293,203,292,222	adversary
174,202,203,202,203,219,174,220	the
28,202,118,199,119,220,28,222	prediction
297,205,321,201,323,218,300,222	at-
124,202,164,199,166,221,125,224	f(x),
0,219,0,200,27,203,25,222	Pl's
0,193,0,178,29,178,29,193	nce
77,194,77,175,185,175,185,194	membership
277,198,277,174,318,174,318,198	[50]
60,178,70,177,71,184,61,185	the
190,193,190,171,273,173,272,194	inference
0,145,19,143,21,158,0,160	me
19,144,43,142,44,159,20,161	hora
120,159,120,142,238,142,238,160	construction).
44,160,45,141,117,142,117,161	adaptive
226,124,226,122,228,122,228,124	I
18,117,87,116,87,135,18,136	stealing
92,116,153,115,153,133,92,133	attacks
159,116,206,115,207,132,159,133	differ
234,116,271,114,272,132,235,133	how
216,131,216,117,229,117,229,131	in
120,64,120,63,122,63,122,64	Strippers
20,61,20,60,21,60,21,61	I
121,59,121,58,123,58,123,59	I
0,64,0,46,27,47,26,66	ink
19,44,241,37,242,72,20,80	WWW.SEARTEDNESS
30,24,30,22,32,22,32,24	I
38,23,38,22,39,22,39,23	the
21,22,36,11,44,22,29,33	(x),
33,34,34,7,90,8,90,35	flxx)
