415,572,426,572,426,576,415,576	the
442,571,442,568,445,568,445,571	the
442,569,442,565,446,565,446,569	the
439,569,439,565,443,565,443,569	the
443,566,443,563,446,563,446,566	the
414,560,426,560,426,565,414,565	-
423,562,423,559,427,559,427,562	:
421,562,421,559,424,559,424,562	:
419,562,419,559,422,559,422,562	=
448,561,451,558,453,560,450,563	the
441,562,441,559,443,559,443,562	the
438,562,438,559,441,559,441,562	I
426,562,426,559,429,559,429,562	-
414,561,418,557,421,560,417,564	I
414,560,414,557,418,557,418,560	-
445,559,445,557,448,557,448,559	the
435,559,437,556,439,558,437,561	I
412,559,415,555,417,558,414,561	I
411,560,411,557,414,557,414,560	the
414,558,414,555,418,555,418,558	-
438,557,438,554,441,554,441,557	I
434,557,434,554,437,554,437,557	the
411,558,411,554,414,554,414,558	I
449,555,449,552,452,552,452,555	the
413,555,413,552,417,552,417,555	I
411,555,411,552,414,552,414,555	I
445,553,445,550,448,550,448,553	the
409,553,409,550,412,550,412,553	I
418,550,418,548,421,548,421,550	the
413,544,415,542,418,544,415,547	I
374,598,374,527,468,527,468,598	(9)
48,527,49,473,199,475,198,529	trials
208,393,209,340,302,341,302,394	as:
63,392,63,332,193,332,193,392	rate
181,237,475,228,477,295,183,304	sampled
0,291,0,218,159,228,154,301	omly
18,172,37,172,37,178,18,178	-
372,144,472,143,473,187,372,188	we
35,148,35,146,38,146,38,148	:
33,148,33,146,36,146,36,148	I
37,146,37,143,40,143,40,146	:
31,143,34,143,34,148,31,148	I
84,191,85,121,327,124,327,193	dataset
3,136,45,132,47,152,5,156	.be
148,21,479,20,479,108,148,109	projected
24,86,27,21,134,25,131,90	the
