186,571,187,514,340,515,340,571	case
41,573,41,504,174,504,174,573	cult
348,501,545,499,545,568,348,570	refers
183,455,196,455,196,460,183,460	the
200,455,200,452,203,452,203,455	the
198,455,198,452,200,452,200,455	the
183,450,183,447,186,447,186,450	the
175,450,175,447,178,447,178,450	the
157,472,159,427,224,430,222,475	C2,
36,471,46,416,147,434,137,489	C1,c
381,474,393,414,483,431,471,491	,Cms
240,361,240,358,243,358,243,361	a
297,362,299,301,531,307,529,369	classes
38,378,39,301,266,304,265,381	output
309,263,310,197,597,202,596,268	adversar
173,262,176,199,284,204,282,266	the
43,202,146,202,146,264,43,264	for
520,121,599,119,600,164,520,166	we
39,164,39,95,473,97,472,167	vulnerability
317,43,317,39,320,39,320,43	I
317,40,317,37,320,37,320,40	I
317,38,317,35,320,35,320,38	I
317,36,317,32,320,32,320,36	I
295,78,297,0,548,3,546,82	respect
115,4,265,2,266,61,116,64	with
