0,473,1,423,103,426,101,476	zes
247,476,252,400,489,415,484,492	setting
130,414,236,412,237,474,131,476	the
283,318,354,312,359,373,287,379	to
381,373,382,310,487,312,486,375	the
11,367,12,300,269,305,268,372	fication
0,281,1,219,103,227,98,289	asy
122,272,122,219,272,219,272,272	case
283,272,284,201,486,204,485,275	refers
81,166,81,163,83,163,83,166	I
72,161,79,161,79,168,72,168	a
256,152,256,150,259,150,259,152	I
256,150,256,148,259,148,259,150	-
64,183,68,120,154,125,151,187	nge
0,176,0,120,86,121,85,178	ang
233,135,261,114,282,143,254,163	S
276,173,276,107,473,107,473,173	classi-
203,68,203,4,308,4,308,68	the
5,6,157,0,160,68,7,74	ation;
328,1,466,0,469,62,331,69	diff
