245,508,371,506,372,567,246,568	that
155,511,230,509,231,571,157,572	to
388,568,390,507,496,509,494,571	the
506,507,593,505,595,568,508,571	cad
0,502,144,499,145,568,1,572	efers
308,450,308,447,311,447,311,450	the
11,479,13,430,75,434,73,482	Cm,
342,468,352,416,446,433,436,486	Clip
444,470,446,407,510,409,507,473	is
123,402,330,398,332,468,124,472	where
183,339,183,336,188,336,188,339	the
175,349,180,331,193,334,189,352	6
225,334,225,331,227,331,227,334	the
217,334,217,331,220,331,220,334	the
240,330,250,330,250,339,240,339	-
185,332,209,328,210,336,187,340	a
215,351,216,328,241,329,240,352	and
0,314,129,309,131,366,1,371	sses
294,312,584,306,585,366,295,373	according
571,241,571,239,574,239,574,241	the
0,259,0,205,234,220,230,274	versary
307,278,307,197,600,198,600,280	Specific
43,155,43,151,46,151,46,155	the
35,161,39,148,49,151,44,164	a
120,125,219,116,223,159,124,167	we
240,161,240,99,532,100,531,162	consider
270,74,271,0,458,3,457,77	input
0,9,143,0,148,67,3,78	pect
172,64,172,2,243,2,243,64	to
