464,547,464,544,466,544,466,547	I
477,543,477,540,480,540,480,543	I
478,543,478,540,482,540,482,543	I
476,543,476,540,479,540,479,543	I
455,536,455,533,459,533,459,536	a
451,531,451,528,454,528,454,531	:
312,571,315,503,558,513,555,581	change
223,573,223,510,300,510,300,573	to
53,570,53,506,215,506,215,570	aims
0,469,0,408,91,408,91,469	ent
108,400,557,398,557,469,108,471	classification;
0,365,0,304,118,304,118,365	heir
148,307,574,296,575,366,149,376	probabilities
119,237,119,234,122,234,122,237	the
465,222,569,216,571,261,468,267	we
161,280,163,196,354,200,352,283	input
2,259,2,205,138,205,138,259	iven
483,160,484,111,596,114,595,163	ease
302,99,428,96,430,161,304,165	and
0,161,0,91,242,92,241,161	lifficults
450,124,450,94,493,94,493,124	66
467,11,600,9,600,79,468,81	spec
5,60,5,13,138,13,138,60	sess
177,2,283,0,285,62,178,64	the
314,3,434,0,435,57,316,60	full
