130,469,154,457,163,474,138,487	2
119,440,148,438,149,452,119,454	the
499,472,499,428,598,428,598,472	sur
0,476,0,423,76,424,75,477	SSS
228,417,416,410,418,471,230,478	Table
395,339,395,336,398,336,398,339	I
237,375,240,308,488,318,485,385	change
145,316,217,313,220,374,147,377	to
0,375,0,311,128,311,128,375	ims
289,277,299,219,388,234,378,292	Cms
0,285,2,205,94,213,88,293	ely
428,210,596,208,597,267,428,269	while
112,272,113,206,279,210,278,276	class
453,110,598,107,600,167,455,170	aims
106,169,109,98,432,113,429,184	cadversary
0,108,96,107,97,170,0,172	the
92,54,92,51,95,51,95,54	I
144,52,144,49,148,49,148,52	-
214,49,214,46,217,46,217,49	I
207,50,209,43,222,47,220,54	I
152,47,152,44,155,44,155,47	-
212,45,212,41,215,41,215,45	I
193,45,193,41,196,41,196,45	is
151,45,151,41,155,41,155,45	-
208,45,208,41,215,41,215,45	I
177,47,197,39,200,46,180,55	the
137,42,137,39,140,39,140,42	the
131,32,160,27,164,53,134,57	X
244,66,245,10,490,12,490,67	current
47,64,50,12,109,15,106,68	is
507,70,507,4,600,4,600,70	cla
