42,354,42,351,45,351,45,354	I
41,350,46,350,46,357,41,357	I
85,327,155,322,159,384,89,389	to
169,325,362,318,365,388,172,395	potenti
360,385,360,319,469,319,469,385	atial
142,262,142,258,145,258,145,262	the
399,282,400,222,470,223,469,283	to
123,213,377,212,377,284,124,285	models
5,280,7,213,108,216,106,283	AS
360,180,362,115,470,117,469,182	We
58,113,309,112,310,182,58,183	Imodels.
44,62,44,60,46,60,46,62	I
31,57,31,54,33,54,33,57	a
33,55,33,52,36,52,36,55	-
31,55,31,52,34,52,34,55	I
27,55,27,52,30,52,30,55	the
32,51,34,49,37,51,34,54	I
31,53,31,50,34,50,34,53	I
28,51,30,49,32,51,30,53	a
27,53,27,50,30,50,30,53	a
29,51,29,48,32,48,32,51	I
8,69,14,40,58,48,53,77	is:
188,25,312,24,313,78,188,79	cont
311,14,463,14,464,79,312,80	atrast,
99,18,170,17,171,78,99,79	in
