76,565,76,562,79,562,79,565	I
46,547,46,544,49,544,49,547	I
105,579,105,515,239,515,239,579	less
258,523,400,513,405,577,263,587	than
29,577,32,520,91,522,88,579	is
520,514,597,512,599,580,522,582	in
420,581,420,512,519,512,519,581	101
15,460,15,452,18,452,18,460	the
498,491,502,425,600,432,598,498	age
246,421,479,416,480,478,248,484	attacks
0,416,228,413,229,477,0,480	cessful
379,376,379,313,595,315,595,378	model
193,374,193,309,363,311,362,376	NAS
12,307,178,304,179,393,13,396	Itiple
25,223,25,220,28,220,28,223	a
448,184,598,183,598,234,449,235	(PGD
184,174,412,172,413,236,185,238	Imodels
0,177,178,172,179,236,1,241	ackedi
406,152,410,79,600,87,598,160	finputs
0,88,303,80,305,137,0,145	istribution
325,144,325,83,398,83,398,144	of
236,13,376,10,377,44,237,47	Number
436,12,596,11,596,43,436,43	Successfu
386,45,386,8,431,8,431,45	roff
