336,579,336,526,490,528,489,581	case
216,580,216,518,321,518,321,580	the
122,515,195,512,197,580,125,582	in
24,582,26,510,122,512,120,584	10i
499,579,502,509,587,513,584,583	COFF
100,419,343,407,346,479,103,491	against
0,479,1,415,85,418,83,482	ks
351,423,589,413,591,477,354,488	7NAS
0,316,227,313,227,372,1,375	models.
417,376,417,312,600,313,599,376	instar
277,376,279,313,402,318,399,381	For
43,238,43,182,209,182,209,238	(PGD
226,180,358,178,359,231,227,234	with
374,87,595,75,599,149,378,161	respect
9,151,11,84,203,89,201,156	inputs
221,142,222,83,357,85,356,143	with
3,35,3,20,9,20,9,35	I
426,42,426,12,550,14,550,43	Models
258,40,258,12,412,14,411,42	Attacked
35,49,35,12,244,12,244,49	Successfully
