360,579,361,516,469,517,468,581	We
59,514,309,511,310,580,60,583	Imodels.
46,463,46,460,48,460,48,463	I
33,455,33,452,36,452,36,455	I
29,453,29,450,31,450,31,453	I
12,469,16,441,58,448,53,475	is
189,425,312,423,313,477,190,479	cont
310,413,462,411,463,479,311,481	ntrast,
98,416,171,413,174,478,100,480	in
272,362,272,360,274,360,274,362	a
272,356,272,354,274,354,274,356	a
272,350,272,348,274,348,274,350	a
272,349,272,346,274,346,274,349	a
272,347,272,344,274,344,274,347	a
0,327,88,323,91,376,0,380	ver
248,390,251,307,474,314,471,397	inputs
112,379,112,309,243,309,243,379	300
13,188,327,187,327,245,13,246	CIFAR10).
350,96,464,95,465,148,351,150	SUC-
8,145,8,82,251,82,251,145	number
266,85,338,81,341,143,269,146	of
