456,422,595,417,597,482,458,486	with
22,417,444,412,445,490,22,494	associations
412,324,600,323,600,383,412,385	levasie
29,378,30,321,402,325,401,382	adversarial
20,290,24,227,172,236,168,299	may
203,282,203,220,342,220,342,282	thus
363,218,595,213,597,281,364,285	conclu
472,152,472,150,475,150,475,152	a
146,120,413,116,414,179,147,182	number
31,179,31,118,135,118,135,179	the
500,119,597,116,599,178,502,182	les
428,179,430,119,490,121,488,181	is
182,22,257,18,261,79,185,83	Ito
269,13,600,12,600,87,269,88	successful
25,76,26,13,174,16,173,79	lead
