129,369,129,367,132,367,132,369	I
485,326,555,324,557,385,487,388	to
329,387,334,316,473,325,469,396	nting
184,323,347,315,351,391,188,399	pointi
0,322,152,319,154,385,0,389	nilar,
529,280,529,231,598,231,598,280	m
311,241,326,241,326,248,311,248	the
336,242,336,239,338,239,338,242	the
311,237,319,236,320,240,311,241	the
308,236,311,233,314,236,310,239	the
313,222,502,216,504,279,315,285	fnas
0,276,6,202,211,223,203,297	ability
241,280,244,215,328,218,325,284	ofl
209,149,209,146,211,146,211,149	a
464,126,600,123,600,177,465,180	mod
1,179,1,126,88,127,87,180	ISe
193,121,444,119,445,177,194,179	manual
102,180,102,113,185,113,185,180	of1
225,53,225,50,227,50,227,53	the
498,20,571,19,572,77,499,79	in
207,10,463,9,463,83,207,84	models;
24,76,25,11,194,14,193,78	NAS
