57,583,63,583,63,593,57,593	(
0,600,0,568,63,570,62,600	Lels
312,562,467,559,468,593,313,596	models
204,560,290,557,291,600,205,600	ples
486,598,487,559,591,561,590,599	from
25,503,79,501,81,547,27,549	of
394,534,395,493,498,494,497,535	their
205,534,207,489,381,496,379,541	dicating
507,532,508,491,600,493,600,534	simi
7,481,7,438,77,438,77,481	the
203,468,203,430,312,430,312,468	most
322,468,322,426,435,426,435,468	NAS
448,465,449,426,592,429,591,467	models
2,371,73,370,74,414,2,415	AS
513,402,514,370,599,371,599,403	evas
262,403,262,362,500,362,500,403	adversarial
201,404,202,359,251,360,250,405	to
0,349,0,312,76,312,76,349	Late
201,306,261,304,262,338,203,340	on
516,338,516,302,600,302,600,338	moo
272,337,272,298,381,298,381,337	most
393,337,394,296,502,298,501,339	NAS
364,239,425,238,425,272,365,273	on
203,271,203,233,346,233,346,271	stance,
435,233,590,230,590,268,435,271	CIFAR
0,205,0,169,78,173,76,209	box
364,169,516,164,517,206,365,211	against
527,166,596,165,596,204,527,205	the
205,167,350,165,350,203,206,205	fective
435,141,437,96,584,103,582,149	testing
321,142,321,100,425,100,425,142	each
204,100,308,98,309,136,205,139	from
7,99,74,93,78,142,11,148	be-
531,42,598,42,598,73,531,73	ave
448,76,448,41,516,41,516,76	are
286,38,429,36,430,73,286,75	results
205,36,272,34,273,72,206,74	the
38,69,38,38,72,38,72,69	in
405,15,406,0,507,0,507,16	personal
275,11,275,0,321,0,321,11	the
515,9,515,0,583,0,583,9	CITY
7,8,7,0,69,0,69,8	LIVE
