454,571,586,568,587,598,455,600	space:
296,567,431,561,433,596,297,600	search
208,560,280,559,280,600,208,600	the
86,598,87,558,190,560,189,600	from
8,600,8,560,73,560,73,600	lels
2,534,3,494,97,495,97,535	their
274,532,276,484,556,494,554,542	vulnerability
110,531,110,494,260,496,260,533	similar
240,457,240,451,243,451,243,457	I
222,429,381,421,384,475,225,483	(except
48,464,49,426,204,430,203,468	models
394,472,395,423,596,425,595,474	Random)
527,415,531,361,600,366,598,419	Ipoi
4,402,4,363,101,363,101,402	arial
388,401,389,364,522,365,521,402	model
112,360,278,358,279,402,113,405	evasion
291,360,378,357,379,402,292,404	and
400,338,400,296,520,296,520,338	CAD
290,297,388,294,389,335,291,337	with
0,299,103,296,104,335,1,338	NAS
529,296,599,294,600,338,531,340	bel
116,336,116,293,277,295,276,338	models
35,233,251,231,251,270,35,271	CIFARIO,
356,232,483,229,484,271,357,274	attack
499,273,499,230,598,230,598,273	achie
273,231,341,229,343,271,274,273	the
496,206,496,174,598,175,598,206	acros
0,167,116,165,117,205,1,207	gainst
204,205,204,164,312,164,312,205	NAS
324,203,324,163,481,164,481,204	models
126,164,195,162,197,207,128,209	the
194,141,195,98,274,100,273,143	set.
481,100,565,99,566,141,481,141	that
37,143,38,99,184,103,182,147	testing
288,102,468,96,469,134,289,140	Observe
132,82,132,41,297,41,297,82	average
48,76,48,41,116,41,116,76	are
314,75,314,41,410,41,410,75	over
421,32,552,29,553,74,422,77	1,000
387,7,387,4,391,4,391,7	a
465,8,465,1,481,1,481,8	the
217,11,218,1,294,2,294,12	Sender:
3,14,3,0,107,1,107,16	processors
556,1,583,0,584,7,556,9	say
435,1,465,0,466,9,437,12	the
315,11,315,0,400,0,400,11	screens
113,9,113,0,186,0,186,10	CAPITALIZED
