56,570,185,569,185,597,56,599	space:
210,600,210,560,301,560,301,600	thus
335,600,335,560,405,560,405,600	the
417,597,418,556,521,559,520,599	high
433,536,433,496,521,498,520,537	Ran
335,534,335,494,420,494,420,534	that
0,537,0,492,153,496,152,541	rability
181,494,323,490,324,534,182,538	Recall
425,469,425,437,523,437,523,469	cons
211,435,281,433,282,469,212,472	are
0,467,2,416,201,427,198,478	Random)
290,471,292,422,409,426,407,475	fairly
460,402,460,367,527,369,526,404	me
381,403,381,362,451,362,451,403	the
134,409,134,361,360,361,360,409	poisoning,
1,361,122,360,122,404,1,405	nodel
386,332,387,295,523,298,522,335	Furthe
4,298,119,297,119,336,4,337	CAD
133,297,260,296,260,335,134,335	below
276,339,279,291,356,296,354,343	3%
0,230,86,229,87,273,0,275	tack
417,232,467,227,470,272,420,276	to
297,271,297,227,410,228,409,272	close
97,273,97,225,286,226,286,273	achieves
476,235,523,228,528,266,482,273	1(
95,207,95,172,229,172,229,207	across
384,166,523,165,524,206,384,206	datase
0,206,0,164,83,164,83,206	dels
307,204,308,164,376,165,375,205	the
241,163,299,162,299,206,242,207	all
401,139,402,106,521,110,520,143	seem
1,136,2,106,70,107,69,137	rve
260,138,260,99,386,100,386,139	attack
83,141,83,100,167,100,167,141	that
176,99,247,98,248,141,177,142	the
29,46,55,42,57,58,32,62	1.
312,79,313,31,521,35,520,84	randomly
162,77,165,26,305,37,301,87	inputs
64,30,153,29,154,75,64,76	,000
147,1,185,0,185,10,148,12	the
267,8,268,0,333,1,333,9	LIVERPOOL
197,11,197,0,247,0,247,12	Second
34,1,65,0,66,8,35,11	the
