241,600,243,566,332,569,331,600	also
77,599,78,569,248,571,248,600	models
0,572,65,563,70,600,1,600	ual
346,600,346,563,588,564,588,600	oeneralizes
425,503,593,500,593,538,426,542	vulneral
244,500,330,499,330,541,244,542	that
10,537,12,493,230,503,228,547	indicating
340,498,412,497,413,540,340,540	the
476,474,476,434,573,434,573,474	NES,
0,431,117,430,117,484,0,485	igher
129,476,129,435,405,439,404,480	vulnerability
417,434,468,428,473,477,422,482	toll
557,403,557,387,583,387,583,403	LII
308,413,310,367,458,372,456,418	Figure
564,381,564,378,567,378,567,381	I
84,368,226,367,226,408,85,409	shown
0,409,0,367,64,368,63,411	ults
564,379,564,376,567,376,567,379	the
555,384,556,372,583,376,582,387	I'm
240,410,241,365,297,367,296,412	in
495,349,500,310,600,322,596,361	Nquer
155,347,157,300,306,306,304,353	Figure
0,350,0,297,73,303,69,356	ing
375,301,474,300,475,340,376,342	(with
86,345,86,298,143,298,143,345	of
540,244,600,242,600,277,541,279	mcc
6,243,253,241,253,281,6,282	ulnerability
343,236,527,234,527,276,343,278	different
271,280,271,233,328,233,328,280	of
142,199,142,196,146,196,146,199	the
279,172,486,171,486,218,279,219	sampling
131,178,188,170,193,208,136,216	ois
500,170,599,169,600,210,501,211	varia
203,171,273,170,274,211,204,213	the
11,165,98,164,99,212,12,214	and
72,122,72,118,75,118,75,122	I
515,110,598,108,599,145,515,146	stan
431,145,431,105,502,105,502,145	the
66,121,79,106,92,117,78,132	is
106,155,106,104,294,104,294,155	sampled
308,103,414,100,416,142,309,145	from
538,61,541,20,600,24,599,65	agar
4,47,4,19,129,20,129,48	mance
332,56,332,12,526,13,526,57	poisoning
197,45,199,10,320,16,319,50	model
140,11,188,11,188,50,140,50	Coff
