1,571,90,570,90,600,1,600	neral
198,600,198,566,248,566,248,600	to
89,599,89,565,185,566,185,600	alizes
253,600,253,566,475,569,474,600	black-box
315,505,399,500,402,553,318,558	gap
26,543,27,502,300,505,300,545	vulnerability
406,499,477,494,481,541,410,547	be-
75,478,76,436,179,437,179,478	NES,
195,431,416,423,418,478,196,485	especiallyi
17,435,67,432,71,476,21,480	to
428,431,476,430,477,474,429,476	in
0,378,53,377,54,407,0,408	are
208,373,379,366,380,414,209,421	general,
405,369,477,368,478,409,405,410	the
143,407,144,369,189,370,188,408	In
94,353,97,312,220,319,217,360	Nquery
417,312,475,310,476,343,418,344	on
290,347,295,290,402,300,396,357	400)
0,342,0,301,77,301,77,342	vith
377,278,377,237,474,237,474,278	NES
145,274,145,235,303,238,303,277	models
316,236,368,235,370,280,318,282	to
3,237,125,235,126,272,3,274	ferent
100,210,100,170,287,170,287,210	variance
0,216,1,165,89,172,85,223	ling
320,109,473,106,473,141,320,144	normal
31,145,31,104,101,104,101,145	the
114,105,304,100,305,144,115,148	standard
486,47,486,22,594,22,594,47	manus
140,17,279,10,281,50,142,57	against
0,50,1,11,128,17,126,56	soning
398,13,476,11,477,52,399,53	and
292,49,292,11,389,11,389,49	NAS
