497,600,498,576,596,579,595,600	acros
201,597,201,567,313,569,312,599	NAS
323,568,482,567,482,600,323,600	models
0,566,115,564,115,599,0,600	ainst
125,600,127,563,199,566,197,600	the
36,538,38,498,184,505,182,546	testing
481,500,564,498,565,538,482,541	that
288,500,469,499,469,537,288,538	Observe
196,541,197,498,272,499,272,542	set
132,444,297,442,297,481,132,482	average
48,475,48,442,116,442,116,475	are
312,475,312,441,411,441,411,475	over
424,435,551,432,551,472,425,474	1,000
2,369,105,367,106,418,3,419	plots
410,408,410,367,527,367,527,408	CAD
198,369,303,367,304,407,199,409	ASR
114,368,187,367,188,408,115,410	the
318,366,402,365,402,408,319,409	and
539,408,539,364,591,364,591,408	of
181,340,181,336,185,336,185,340	the
161,335,161,332,164,332,164,335	I
158,332,158,329,161,329,161,332	I
144,348,147,312,209,317,207,353	...g.
106,315,110,315,111,329,107,329	a
229,305,388,304,389,342,229,343	BadNet
536,344,536,302,600,302,600,344	tha
4,301,76,300,77,343,5,344	cks
406,349,407,294,520,297,519,353	[231)
450,287,450,232,597,232,597,287	Trojan
86,286,86,232,216,232,216,286	Itrojani
225,276,225,234,362,234,362,276	model
0,278,0,233,79,233,79,278	and
293,172,420,172,420,210,293,210	attack
71,209,72,169,277,170,277,210	reference
0,171,57,170,58,212,0,213	he
437,207,437,168,582,170,581,208	model
531,155,534,106,600,110,598,159	arep
372,154,372,103,471,103,471,154	[40],
1,144,1,102,130,103,130,145	nsider
145,99,363,95,364,145,146,149	TrojanN
505,59,506,10,597,12,597,61	poise
221,13,335,12,335,50,221,51	under
69,16,209,15,209,49,69,50	models
0,51,0,12,60,12,60,51	ned
347,55,349,8,497,12,495,59	varying
