95,600,95,574,227,574,227,600	across
386,597,387,565,521,569,520,600	datase
2,568,84,566,85,599,3,600	dels
303,600,303,565,375,565,375,600	the
240,567,299,563,302,600,243,600	sall
403,540,403,506,521,506,521,540	seem
1,537,1,507,70,507,70,537	rve
259,500,387,498,388,540,259,542	attack
82,541,82,500,167,500,167,541	that
176,540,176,498,248,499,247,541	the
37,459,40,457,42,460,40,462	I
29,468,29,441,74,441,74,468	1.0
312,476,314,426,523,433,521,483	randomly
161,476,166,425,304,437,300,488	inputs
63,431,153,429,154,475,64,476	,000
10,409,10,367,129,367,129,409	CAD
268,408,268,368,338,368,338,408	the
347,408,347,365,506,366,506,409	models,
200,367,258,366,259,409,201,410	all
139,409,139,364,192,364,192,409	of
234,349,237,296,406,303,404,356	employ
137,342,137,303,223,303,223,342	that
7,351,8,295,123,297,121,354	[231)
424,345,424,297,527,297,527,345	fixed
497,262,497,259,499,259,499,262	I
488,247,526,244,529,275,491,279	01
276,275,276,238,475,239,474,277	enhances
50,235,268,228,269,275,52,281	TrojanNe
294,213,295,167,521,172,520,218	optimizing
202,221,207,164,279,170,275,227	By
35,210,36,168,181,169,181,211	model
452,104,529,103,530,148,452,148	bac
136,104,442,100,443,145,137,149	representative
0,150,0,98,74,103,70,156	40]
505,54,505,52,508,52,508,54	the
508,47,508,44,511,44,511,47	the
508,46,508,42,511,42,511,46	the
496,58,505,31,526,38,517,65	Pr
0,14,98,10,100,59,1,62	rying
108,14,300,13,301,54,108,56	poisoning
316,47,317,10,468,13,467,51	fraction
