15,595,15,592,21,592,21,595	the
230,593,230,590,234,590,234,593	a
228,593,228,590,231,590,231,593	I
397,581,487,579,488,600,398,600	sure
306,600,307,580,393,584,392,600	mea
68,600,68,574,178,574,178,600	innut
218,572,289,569,290,600,220,600	We
501,600,504,568,574,573,571,600	the
10,598,11,573,44,574,43,599	ch
0,544,1,501,123,509,120,553	ining
494,555,497,503,559,507,556,559	by
245,549,246,505,292,506,291,550	is
139,506,233,502,234,546,141,549	data
301,508,487,504,488,548,302,553	polluted
529,479,529,448,594,448,594,479	ass
49,444,213,442,214,477,50,480	manual
434,439,512,436,513,482,435,484	We
231,478,232,437,389,438,388,479	models
494,378,597,375,598,413,496,416	attac
259,420,259,372,476,372,476,420	poisoning
33,419,34,369,189,372,188,422	impact
194,417,195,369,251,370,250,418	tof
6,347,6,307,158,309,157,349	Model
168,306,392,306,392,354,168,355	poisoning
504,347,505,306,584,307,583,348	this
445,343,448,309,493,312,491,346	In
7,239,190,235,191,268,8,273	versarial
385,233,533,229,534,271,386,275	attacks.
206,232,368,230,368,269,207,272	evasion
3,206,4,169,85,170,84,207	een
305,173,463,171,463,204,306,206	manual
93,165,202,164,202,204,93,205	NAS
476,205,476,164,596,165,595,206	mode
212,164,297,160,299,203,214,208	andr
287,145,287,105,390,105,390,145	case,
146,146,148,96,274,99,273,149	likely
33,99,136,98,137,139,34,140	least
413,137,413,99,595,100,595,137	indicatin
528,37,596,36,597,71,528,72	vul
375,34,514,31,515,79,376,82	higher
246,35,358,33,359,73,247,76	show
74,73,74,33,233,34,233,74	models
0,30,64,29,64,75,0,76	AS
325,13,325,1,464,2,464,13	Concertable
210,1,302,0,302,10,210,13	secrets
483,8,483,1,590,1,590,8	pintol
