496,597,496,592,517,592,517,597	-
1,582,88,579,89,599,2,600	sure
540,600,540,578,600,579,599,600	VIA
184,574,462,573,462,600,184,600	nerformance
101,600,102,568,176,569,175,600	the
398,555,399,503,598,504,598,556	changing
169,508,381,506,381,554,170,556	randomly
1,545,1,505,87,506,87,546	uted
92,553,96,502,160,508,155,559	lby
133,454,289,452,290,476,134,478	assume
310,442,392,440,394,478,311,480	that
455,479,455,439,593,439,593,479	fractio
36,484,36,439,113,440,112,485	We
254,415,255,380,317,381,316,416	on
0,425,0,371,81,373,79,426	ing
94,377,242,373,243,412,95,416	attacks
329,416,329,373,399,373,399,416	the
411,375,599,368,600,414,412,421	perform
325,311,591,307,591,346,325,350	experiments
193,350,193,309,258,309,258,350	set
104,308,183,308,183,348,104,349	this
42,306,95,305,96,348,43,349	In
262,350,263,302,320,303,319,351	tofe
5,271,5,233,131,233,131,271	tttacks
246,207,246,164,335,166,335,208	also
74,165,235,164,235,207,75,208	Imodels
0,204,0,165,68,166,67,205	uali
344,172,590,160,592,208,346,220	ggeneralizes
245,101,329,99,330,139,246,141	that
425,136,426,98,593,100,593,138	vulneral
10,137,11,96,230,101,229,142	indicating
339,99,412,97,414,141,341,143	the
477,39,571,37,571,71,478,73	NES,
0,34,116,31,117,81,0,83	igher
129,75,130,36,403,41,403,79	vulnerability
418,35,469,33,471,77,420,79	tol
383,0,433,0,433,9,383,11	the
80,0,207,0,207,13,80,14	steeps
0,0,63,0,63,13,0,14	Convention
550,0,589,0,590,9,550,9	11.
