108,598,108,591,124,591,124,598	the
53,595,53,592,60,592,60,595	mother
2,599,3,582,52,583,52,600	DEPT
147,578,295,576,296,600,147,600	various
315,572,454,569,454,600,316,600	model
187,527,187,523,190,523,190,527	the
1,551,1,505,202,507,202,553	changing
305,546,305,506,410,506,410,546	class
219,546,219,504,288,504,288,546	the
424,547,424,502,479,502,479,547	of
267,496,267,464,321,464,321,496	pos
406,439,476,438,477,479,406,480	the
54,481,55,437,225,438,224,482	fraction
339,483,339,434,394,434,394,483	of
14,417,14,382,288,382,288,417	performance
356,375,469,374,469,410,356,411	ENAS
303,413,303,372,359,372,359,413	ofl
215,318,283,313,285,348,217,353	we
6,345,7,312,191,314,191,347	eriments,
296,308,475,307,475,345,297,345	evaluate
254,164,476,161,476,207,255,210	black-box
195,166,248,162,251,207,199,211	stop
0,167,189,164,189,206,0,209	neralizes
316,104,401,102,402,155,317,156	gap
24,136,26,89,300,100,298,147	vulnerability
407,98,477,92,481,140,411,146	be-
199,81,199,35,415,35,415,81	especially
76,75,76,37,174,38,174,76	NES,
18,77,18,33,70,33,70,77	to
427,34,474,31,476,73,430,77	in
233,12,233,9,237,9,237,12	I
405,9,405,0,471,1,471,11	same
222,16,222,0,381,0,381,16	conserved
0,8,0,0,33,0,33,8	a
