107,593,107,558,235,559,234,594	respect
299,595,299,554,436,555,436,597	varying
247,594,247,557,289,557,289,594	to
451,593,452,555,597,557,597,596	poisonin
11,556,95,553,96,590,12,592	with
194,525,194,521,197,521,197,525	I
305,537,305,511,449,514,449,540	measure
527,546,527,506,600,506,600,546	perform
11,537,11,502,97,502,97,537	each
462,502,520,501,521,539,463,540	the
226,503,293,501,294,541,227,542	We
107,542,107,502,208,503,208,543	input.
519,485,519,451,595,451,595,485	rand
252,487,254,450,290,451,289,489	is
15,481,16,447,152,452,151,486	training
299,455,446,449,448,481,300,487	polluted
456,491,458,446,514,449,512,494	Iby
167,447,244,446,244,483,168,485	data
488,428,488,406,595,406,595,428	assum
93,400,228,399,228,428,93,429	manual
243,394,371,394,371,427,243,428	models.
13,432,13,394,83,394,83,432	and
405,393,471,391,473,434,406,436	We
457,345,578,343,578,375,457,377	attacks
264,341,443,337,443,378,265,382	foisoning
11,377,11,339,72,339,72,377	the
79,379,79,336,206,337,205,380	impact
213,379,213,338,258,338,258,379	tof
442,313,447,306,451,308,446,316	I
445,304,445,301,448,301,448,304	I
537,324,537,291,592,291,592,324	set
193,327,193,287,375,287,375,327	poisoning
58,319,58,288,181,291,181,322	Model
464,289,529,286,531,322,465,324	this
418,310,418,291,452,291,452,310	In
369,229,488,228,488,259,369,260	attacks.
17,257,17,229,209,231,209,259	adversarial
223,256,223,225,352,226,352,257	evasion
15,203,15,174,120,175,120,204	tween
302,177,432,173,433,204,303,208	manual
444,202,444,173,568,175,568,204	models
130,205,130,171,219,171,219,205	NAS
226,206,226,170,295,170,295,206	and
285,123,371,122,372,156,286,157	case,
386,151,387,113,567,118,566,156	indicating
171,153,173,113,276,118,274,158	likely
77,152,77,116,165,116,165,152	least
12,152,12,117,71,117,71,152	the
486,96,486,65,598,65,598,96	vulner
253,65,346,63,347,97,254,98	show
114,96,114,64,242,65,242,97	models
358,63,472,61,473,102,359,105	higher
13,96,13,63,101,63,101,96	NAS
451,13,563,10,564,40,451,42	shown
314,45,314,11,431,11,431,45	results
14,43,14,9,194,11,193,45	CIFAR10,
215,11,299,8,300,42,216,45	with
