54,561,56,535,170,541,169,567	Nneuron,
205,526,379,525,380,558,205,560	TrojanN
393,523,598,522,598,560,394,561	consistently
1,560,3,522,44,523,43,561	of
453,509,454,481,568,484,567,512	Nneuron.
321,506,323,467,443,474,441,513	setting
61,506,61,469,165,470,165,507	under
174,511,175,466,312,471,310,517	varying
2,505,4,468,54,471,52,508	els
0,419,90,414,93,457,3,462	plots
268,417,336,415,336,452,268,453	and
97,416,159,415,159,453,97,454	the
342,451,342,415,441,415,441,451	CAD
166,451,166,414,256,415,256,452	ASR
501,453,504,412,598,417,596,458	troja
449,453,449,413,496,413,496,453	off
501,400,502,375,598,378,597,403	Nneuro
303,403,303,364,433,364,433,403	respect
72,403,72,362,194,362,194,403	trigger
445,364,489,363,490,401,446,402	to
2,399,2,363,58,363,58,399	the
207,364,291,362,291,397,208,398	with
2,342,2,315,78,318,77,345	rons
96,350,96,314,239,314,239,350	(Nneuron)
308,345,308,310,486,310,486,345	TrojanN
502,305,600,304,600,348,503,348	Reca
249,306,296,304,299,346,252,349	in
246,258,391,257,391,289,247,290	evaluate
114,256,233,255,234,289,115,289	further
398,292,398,254,459,254,459,292	the
45,257,106,255,108,291,46,294	Wef
463,294,465,249,593,253,592,298	impact
187,230,187,200,408,205,408,235	architectural
417,202,597,195,599,236,418,244	Iproperties
0,206,174,198,176,235,2,243	particular
288,149,417,148,417,181,288,183	models
5,187,5,148,115,148,115,187	ability
477,187,478,145,580,147,579,188	likely
182,181,182,145,273,145,273,181	NAS
127,145,179,144,180,182,128,183	ofl
421,147,468,143,471,182,424,186	sis
530,138,530,99,600,99,600,138	space
402,98,517,95,518,127,402,130	search
86,128,86,93,217,93,217,128	models
332,128,332,93,390,94,390,129	the
2,136,2,90,75,90,75,136	ples
230,93,318,91,319,126,231,128	from
388,71,389,41,596,42,595,73	vulnerabilit
157,41,240,39,241,73,158,75	their
4,78,5,40,144,41,144,79	dicating
252,40,375,39,375,71,252,71	similar
351,13,351,10,354,10,354,13	the
199,2,331,1,331,23,199,24	moueis
344,29,344,0,479,0,479,29	except
99,17,100,2,187,3,187,18	INAD
2,23,2,0,91,0,91,23	most
484,19,484,1,599,1,599,19	Ranao
