360,531,454,531,454,557,360,558	more
473,526,597,525,597,558,473,559	effectiv
228,528,343,525,344,557,229,560	attains
0,560,0,520,209,523,209,563	consistently
53,508,54,482,168,485,168,511	Nneuron
0,512,0,477,46,480,44,515	ngi
301,480,410,479,410,505,301,505	across
542,473,598,472,598,506,543,507	set
478,504,479,471,535,472,534,505	the
192,504,193,467,286,471,284,509	First
421,472,471,468,473,504,423,507	all
290,422,416,416,418,451,292,457	against
433,449,433,417,580,418,580,450	different
105,449,106,418,279,418,279,450	TrojanN
50,451,51,414,96,415,95,452	off
10,389,10,385,12,385,12,389	the
101,398,102,375,214,379,213,402	Nneuron
351,395,351,371,493,372,493,396	neurons.
232,367,335,365,336,404,233,406	target
6,379,8,372,17,375,15,381	in
527,404,529,359,598,363,596,408	Fig
45,365,87,363,88,399,46,400	to
1,313,90,311,90,342,1,343	NN
233,311,305,310,306,345,234,345	that
509,309,598,308,599,348,509,350	optim
320,311,496,310,496,345,320,346	Trojann
102,308,222,306,223,344,103,347	Recall
499,258,599,257,600,295,499,297	ftarget
306,288,307,259,441,260,441,288	number
243,290,243,256,299,256,299,290	the
0,255,59,254,59,292,1,293	thei
63,291,65,249,189,254,187,296	eimpact
451,291,451,252,495,252,495,291	roft
194,291,195,252,239,253,238,292	toft
18,207,195,200,196,234,20,242	properties.
53,173,53,170,56,170,56,173	I
53,171,53,168,56,168,56,171	is
46,166,46,163,48,163,48,166	the
43,166,43,163,46,163,46,166	the
78,185,80,144,181,148,179,189	likely
303,151,490,146,491,182,304,186	associated
194,148,237,146,238,184,195,186	to
38,178,38,152,62,152,62,178	is
502,148,587,142,589,178,504,184	with
240,146,291,144,293,182,242,184	be
564,104,599,101,600,128,566,130	VU
133,99,245,97,245,134,133,135	space;
2,101,116,96,118,124,4,129	search
260,95,338,93,339,130,261,132	thus,
360,129,360,93,419,93,419,129	the
429,133,429,89,548,90,547,135	higher
443,41,592,40,592,74,443,74	Random
363,40,432,39,432,75,363,76	that
1,43,213,41,213,79,1,80	ulnerability
234,38,355,37,355,75,234,77	Recall
436,1,599,0,600,19,437,23	consisted
325,22,326,0,427,1,426,27	lamp
83,21,83,2,250,2,250,22	Ranqom)
2,30,2,0,80,0,80,30	cept
258,24,258,0,319,0,319,24	are
