0,533,56,532,56,558,0,559	ore
242,557,244,527,284,530,282,559	at-
71,557,71,523,228,524,228,558	effective
143,506,144,470,285,473,284,509	settings
80,472,136,472,136,505,80,506	the
24,504,25,470,71,471,71,505	all
192,420,290,415,292,448,193,453	mod-
29,451,29,414,186,415,186,452	different
1,394,1,371,92,373,91,397	urons
133,400,135,362,257,369,255,407	Figure
0,311,101,309,101,342,0,343	anN
109,307,284,305,284,348,109,349	optimizes
110,284,110,283,112,283,112,284	the
209,290,210,260,278,263,277,293	neu-
0,291,0,261,46,261,46,291	Der
97,296,97,252,206,252,206,296	ftargetr
52,256,96,254,97,289,53,290	coft
1,149,92,148,93,183,1,185	iated
106,147,186,147,186,180,106,181	with
201,148,282,146,283,181,202,183	their
39,120,39,119,41,119,41,120	I
157,93,278,92,278,127,157,128	vulner-
27,92,149,90,149,132,27,134	higher
202,48,275,47,275,72,203,73	sam
0,74,1,41,35,43,34,76	at
38,42,193,39,194,70,39,73	Random
