423,591,423,587,425,587,425,591	the
410,600,412,573,463,576,462,600	Ppos,
509,586,509,577,522,577,522,586	11
537,592,537,563,600,563,600,592	CON
53,560,225,558,225,590,53,593	poisoning
244,557,378,556,378,589,244,590	fraction
575,527,575,524,578,524,578,527	the
573,523,573,519,577,519,577,523	I
568,537,568,512,599,512,599,537	m
0,539,0,509,55,509,55,539	ure
424,537,424,504,551,504,551,537	various
130,508,357,499,358,534,132,542	performance
61,501,121,500,122,540,62,541	the
366,538,367,500,415,501,415,539	COFF
306,489,307,447,473,450,473,491	changing
119,485,120,446,292,450,292,488	randomly
552,483,553,449,598,450,598,484	class
57,493,57,447,112,447,112,493	lby
0,484,0,449,50,450,49,486	ted
485,447,543,446,544,484,485,485	the
503,441,503,406,570,408,569,443	Ppos
88,429,88,406,216,406,216,429	assume
231,398,300,397,301,429,232,431	that
351,429,351,394,490,395,490,430	fraction
6,393,72,391,73,432,8,435	We
189,349,241,348,241,377,190,378	on
0,381,0,347,46,351,44,385	ng
319,343,544,342,544,377,319,379	performance
60,349,176,347,177,374,60,376	attacks
248,341,306,340,307,377,249,379	the
555,341,597,339,599,375,556,377	of
546,321,547,295,600,297,600,323	sav
483,298,539,294,540,324,485,328	we
135,290,191,289,192,323,136,324	set
247,291,470,289,470,325,247,327	experiments
64,288,130,286,131,322,65,324	this
25,302,25,293,38,293,38,302	The
196,284,241,283,242,323,197,324	tofe
2,228,91,226,91,258,2,260	tacks.
19,192,19,189,22,189,22,192	the
264,175,461,173,461,210,264,212	generalizes
181,173,253,171,254,206,182,207	also
44,173,170,170,170,205,44,207	models
466,172,510,169,513,206,469,210	stop
5,203,5,175,31,175,31,203	al
514,208,514,168,598,168,598,208	blac
2,121,167,119,167,155,2,157	ndicating
178,117,251,115,252,153,179,154	that
329,151,329,120,552,120,552,151	vulnerability
258,117,317,117,317,151,259,152	the
468,104,468,63,598,63,598,104	especia
370,66,455,64,456,102,370,103	NES,
85,96,86,65,310,68,310,99	vulnerability
0,65,75,63,75,101,0,102	gher
321,101,321,62,366,62,366,101	to
17,33,17,29,20,29,20,33	I
185,29,206,29,206,35,185,35	-
478,17,596,9,598,43,480,50	genera
229,50,229,9,353,10,353,51	Figure
3,17,28,13,32,38,7,42	ts
49,11,165,10,165,43,49,44	shown
