21,600,21,576,64,577,64,600	sos9
117,573,117,570,120,570,120,573	I
140,562,295,559,296,589,141,593	compari
107,587,107,563,124,563,124,587	n
403,584,405,546,516,550,515,588	ability
526,584,527,543,600,545,599,586	off
24,537,24,505,151,505,151,537	various
165,506,294,505,294,536,165,537	models
487,528,487,493,598,493,598,529	model
397,492,474,490,475,536,399,538	ples
155,485,155,450,243,450,243,485	class
0,492,0,445,77,447,76,494	ging
84,448,143,448,144,484,85,485	the
252,486,252,445,300,445,300,486	SOF
403,475,404,438,545,441,544,479	dicating
555,440,597,438,598,474,556,476	the
106,442,109,407,171,412,168,447	Ppos
1,395,91,394,91,431,1,432	ction
239,431,239,396,297,396,297,431	the
183,393,231,392,232,431,184,432	of
401,391,489,388,490,418,401,420	most
499,419,499,386,587,387,586,420	NAS
5,351,142,350,142,374,5,375	ormance
202,341,292,340,293,374,202,375	ENAS
156,375,156,342,212,342,212,375	off
450,335,598,332,599,363,451,367	adversar
398,335,437,332,440,367,400,370	to
0,325,0,289,75,294,73,330	ents,
82,298,139,293,141,322,85,327	we
148,319,148,291,294,291,294,320	evaluate
399,288,448,285,449,313,400,317	on
459,282,544,280,545,310,459,311	most
530,233,583,231,584,259,532,262	ON
402,258,402,231,518,233,517,260	stance,
528,214,529,176,600,178,599,216	cagar
2,206,3,177,63,178,63,206	izes
118,174,296,170,297,204,118,208	black-box
67,207,68,171,113,173,112,208	stop
401,204,402,170,521,172,520,206	fective
166,124,235,121,237,160,167,162	gap
496,152,496,118,580,118,580,152	each
1,151,3,112,154,119,152,157	erability
401,116,488,114,489,150,402,152	from
237,118,300,112,304,152,241,158	be-
37,87,37,84,40,84,40,87	I
35,87,35,84,38,84,38,87	a
33,87,33,84,36,84,36,87	the
29,78,41,78,41,85,29,85	I
30,76,38,76,38,80,30,80	I
467,98,468,66,586,67,586,99	results
67,63,245,62,245,103,68,105	especially
0,96,3,62,56,69,52,103	ES,
400,97,400,63,458,63,458,97	the
262,68,293,66,295,95,264,97	in
397,52,397,9,522,9,522,52	Figure
77,15,219,10,220,46,79,51	general,
238,11,296,10,297,44,239,45	the
