477,581,480,541,581,548,579,588	likely
290,580,290,549,416,550,416,581	models
3,584,5,545,115,548,114,588	ability
183,547,273,546,273,580,183,581	NAS
127,548,177,542,181,579,132,585	off
423,548,467,545,470,582,425,585	is
531,536,534,497,600,501,598,541	space
402,499,517,497,517,526,403,528	search
333,529,333,494,391,494,391,529	the
88,528,89,493,218,494,218,529	models
1,495,75,490,78,534,3,539	ples
229,493,318,491,319,528,230,530	from
388,441,594,441,594,472,388,472	vulnerabilit
157,441,242,440,242,475,157,476	their
4,473,5,439,145,442,144,476	dicating
251,473,251,440,374,440,374,473	similar
3,392,89,390,89,418,4,420	most
487,386,595,384,596,419,488,421	Rando
342,387,476,386,476,429,342,430	(except
202,419,202,386,329,387,329,420	models
98,419,98,384,190,384,190,419	NAS
476,334,588,333,588,364,477,365	model
51,334,244,332,245,365,51,367	adversarial
256,336,387,331,388,365,257,370	evasion
0,336,38,332,41,367,2,371	to
400,331,468,328,470,365,402,369	and
0,285,50,285,51,313,0,314	on
58,283,147,281,147,310,59,313	most
259,279,386,278,386,313,259,314	models
489,280,584,280,584,310,489,311	CAD
155,278,247,277,247,311,155,312	NAS
396,279,479,277,480,311,397,313	with
130,233,183,231,184,261,131,263	on
3,257,4,229,117,231,116,259	stance,
452,228,555,227,556,258,453,260	attack
189,258,189,224,372,225,372,259	CIFAR10,
384,226,443,224,444,259,385,261	the
567,205,567,181,600,181,600,205	ac
132,176,255,170,257,203,133,209	against
429,203,429,173,553,173,553,203	models
4,204,4,172,119,172,119,204	fective
328,203,328,171,417,171,416,204	NAS
264,171,321,170,322,205,265,206	the
320,119,381,118,382,152,320,153	set.
191,153,192,118,310,120,310,155	testing
97,120,182,118,182,151,97,152	each
553,118,599,117,600,153,554,154	the
395,117,544,115,545,149,395,151	Observe
3,149,3,116,87,116,87,149	from
270,102,270,71,404,72,404,103	average
418,72,497,71,498,97,418,98	over
198,71,255,69,257,98,199,101	are
68,98,68,65,187,65,187,98	results
507,63,599,62,599,100,507,101	1,000
0,64,57,63,58,97,1,98	the
2,50,2,11,119,11,119,50	Figure
155,11,248,9,249,53,156,55	Iplots
495,9,593,7,593,43,496,45	ICAD
422,10,486,8,487,43,423,44	and
256,44,256,9,314,9,314,44	the
326,10,409,9,409,42,327,42	ASR
