48,556,55,556,55,559,48,559	the
77,583,79,543,181,548,179,588	likely
502,548,585,546,586,580,503,583	with
197,585,197,548,236,548,236,585	to
303,585,303,547,491,547,491,585	associated
241,584,241,544,294,544,294,584	be
133,533,133,496,245,497,244,534	space;
4,526,4,496,115,497,115,528	search
260,530,260,495,339,495,339,530	thus,
359,493,420,492,421,529,360,530	the
429,533,430,489,548,490,547,535	higher
443,440,589,437,590,473,444,475	Random
363,442,431,440,432,474,363,476	that
3,444,214,442,214,477,3,479	ulnerability
236,439,354,438,354,475,236,476	Recall
258,422,259,391,318,392,318,423	are
0,387,76,386,77,429,0,430	cept
436,391,596,387,597,418,437,423	consisten
86,421,86,386,250,386,250,422	Random)
324,423,326,381,425,384,424,427	fairly
467,364,467,342,595,342,595,365	measur
77,334,189,333,189,367,78,368	model
398,333,458,331,459,368,399,369	the
200,368,201,331,378,334,378,371	poisoning,
2,367,2,331,70,331,70,367	and
404,312,404,280,538,280,538,312	Further,
197,281,302,279,302,312,198,313	below
88,278,189,277,189,311,89,312	CAD
555,279,600,278,600,313,556,314	sin
1,311,1,278,79,278,79,311	with
314,275,394,274,395,317,314,318	3
51,226,158,225,158,259,52,260	attack
482,260,483,224,585,225,585,260	100%
333,255,334,222,424,226,422,259	close
431,225,473,222,475,261,433,263	to
0,227,41,222,46,260,0,265	hear
170,226,318,221,319,257,171,262	achieves
167,182,275,178,276,204,168,208	across
405,174,546,172,546,203,405,205	datasets
28,199,29,169,155,173,154,203	models
338,173,394,171,395,204,340,206	the
284,172,333,170,334,204,286,206	all
418,126,524,125,524,150,419,151	seems
534,152,534,124,596,124,596,152	mo
301,120,405,119,405,151,301,152	attack
154,118,225,117,226,152,154,153	that
3,151,3,118,146,120,145,153	Observe
229,152,230,113,291,114,290,153	the
531,76,597,73,597,94,532,97	sam
18,96,19,67,98,70,97,98	over
343,99,344,60,519,63,518,103	randomly
224,101,225,60,334,62,333,103	inputs
109,64,214,62,214,98,110,99	1,000
545,23,545,19,549,19,549,23	Webber's
375,43,375,9,507,10,507,44	models,
96,43,96,9,193,9,193,43	CAD
541,19,557,13,560,23,545,29	the
306,11,365,9,366,44,307,45	the
21,8,88,8,89,43,21,44	and
252,10,299,8,300,43,253,45	all
202,7,245,6,247,44,203,46	of&
