215,528,388,524,389,563,216,567	compares
55,560,57,521,179,527,177,566	Figure
464,558,464,525,561,526,561,559	CAD
398,526,456,524,457,560,399,562	the
410,433,508,432,509,463,411,464	model
275,433,398,430,399,465,276,469	original
556,429,600,428,600,462,556,463	Ac
141,463,142,427,215,429,214,465	ACC.
225,464,225,429,267,429,267,464	of
406,398,408,362,494,365,492,401	Drop
503,366,600,363,600,397,504,400	(CAD
247,393,248,364,399,368,398,398	Accuracy
140,361,236,360,236,396,140,397	Clean
484,275,596,272,597,295,485,298	accura
16,265,123,264,124,298,16,298	define
200,264,315,262,315,297,201,298	metric
132,264,192,262,193,299,133,301	the
376,299,376,262,470,262,470,299	clean
324,299,325,262,369,263,368,300	coff
12,220,77,218,78,247,13,249	son
249,247,250,216,332,218,331,250	case
397,244,397,212,489,212,489,244	clean
181,210,241,209,242,245,182,246	the
506,243,506,210,598,210,598,243	traini
341,245,341,207,386,207,386,245	NOF
88,212,172,204,176,241,91,248	with
104,198,105,157,237,159,236,200	respect
298,197,299,154,436,156,435,199	varying
447,158,598,150,600,189,450,198	poisonin
244,159,289,155,292,192,248,196	to
11,158,94,154,95,190,12,194	with
193,125,193,122,195,122,195,125	a
302,137,302,109,451,111,451,138	measure
526,146,526,103,600,103,600,146	perform
462,102,521,102,522,139,462,140	the
227,102,292,99,294,139,230,142	We
108,140,108,102,207,102,207,140	input.
10,102,96,101,97,137,11,138	each
266,72,266,69,269,69,269,72	I
519,50,599,49,600,84,520,85	rand
16,81,17,48,153,53,151,86	training
300,54,444,49,445,84,301,90	polluted
457,91,458,48,509,49,508,92	by
166,49,245,47,246,85,167,86	data
256,82,261,48,291,53,286,86	is
488,28,488,7,595,7,595,29	assum
95,6,226,5,226,27,95,28	manual
242,27,242,1,373,2,373,28	models.
14,3,83,0,84,29,15,31	and
409,1,469,0,473,29,413,36	We
