526,533,565,532,565,561,527,562	as
388,555,388,523,515,526,514,558	models
64,559,64,524,161,525,161,559	CAD
1,560,1,525,56,525,56,560	the
225,524,374,522,375,558,226,560	different
171,560,172,521,215,522,214,561	of
431,433,531,432,532,463,431,464	model
9,462,9,432,110,433,109,463	model
288,435,418,431,419,461,289,465	polluted
157,462,159,424,230,428,228,466	ACC.
241,465,241,428,281,428,281,465	of
101,364,216,362,217,402,102,403	(CAD)
7,398,8,363,94,366,93,401	Drop
83,300,84,268,235,272,234,303	accuracy
5,299,5,272,71,272,71,299	lean
248,303,250,260,342,266,340,309	drop:
440,260,440,221,506,221,506,260	Ppos
2,211,91,211,91,244,2,245	clean
345,253,346,206,433,208,432,255	(i.e.
575,218,580,218,580,221,575,221	the
258,209,336,208,337,246,258,247	data
105,242,108,206,244,214,241,250	training
388,201,393,165,466,174,462,211	coca
537,191,537,163,600,163,600,191	con
243,159,380,157,380,189,243,191	fraction
49,155,227,153,228,196,49,198	poisoning
493,185,498,156,530,161,525,190	in
582,120,582,117,585,117,585,120	In
0,137,0,109,54,110,53,138	ure
570,112,597,111,599,138,571,139	m
132,109,357,102,358,134,133,141	performance
424,136,424,104,551,105,551,137	various
61,102,120,100,122,139,62,141	the
366,138,368,99,415,101,413,139	Coff
306,92,306,49,474,49,474,92	changing
119,83,120,45,290,51,289,89	randomly
0,51,50,49,51,83,0,86	ted
53,88,58,46,113,52,108,94	lby
552,87,552,47,600,47,600,87	Cla
484,47,543,46,543,85,484,86	the
514,42,515,10,571,12,570,44	Ppos
88,27,88,7,216,7,216,27	assume
354,26,354,4,489,6,489,28	fraction
232,1,302,0,302,30,233,32	that
8,1,69,0,70,31,9,33	We
