192,564,196,552,205,555,201,567	coin
196,573,197,542,240,543,240,574	Ppos
259,548,259,545,262,545,262,548	I
456,560,457,537,570,545,569,568	Nneuron
125,562,127,530,167,532,165,564	as
1,528,115,527,115,557,1,558	nodels
248,562,251,523,301,525,299,565	in
399,520,446,519,447,560,400,561	off
461,471,563,469,563,504,462,506	under
401,507,401,469,454,469,454,507	els
32,461,32,430,132,431,132,462	model
579,437,579,434,582,434,582,437	I
396,420,490,413,493,456,400,464	plots
498,453,499,415,559,416,558,454	the
574,441,578,420,598,424,594,445	A
216,441,216,391,299,391,299,441	(11)
471,402,471,361,594,363,593,403	trigger
399,364,459,363,460,397,400,399	the
399,342,400,317,477,319,477,344	rons
495,345,500,311,600,324,600,358	(Nneuro
443,255,507,252,509,292,445,294	Wef
514,253,600,251,600,289,515,291	furth
42,259,44,223,107,226,106,262	Ppos
233,211,295,211,296,248,233,249	We
401,206,572,203,573,238,402,241	particular
10,195,14,184,27,189,24,199	the
17,205,18,174,63,176,62,207	Ppos,
138,161,292,158,292,195,139,199	compari
569,167,569,165,573,165,573,167	the
95,185,102,156,130,163,123,192	in
402,184,404,143,516,147,515,188	ability
528,184,528,145,597,145,597,184	off
163,137,164,101,294,104,293,139	models
23,103,150,102,150,137,23,138	various
488,94,599,92,600,125,488,127	model
397,95,473,91,475,135,400,139	ples
0,90,0,46,76,51,74,94	ging
156,83,156,49,241,49,241,83	class
85,48,143,47,144,85,85,86	the
254,85,255,47,299,48,298,86	NOF
403,74,405,35,546,41,544,79	dicating
554,40,600,39,600,76,555,76	the
112,40,115,8,171,13,169,44	Ppos
1,5,90,3,91,29,1,31	ction
239,1,296,0,297,28,239,29	the
185,2,229,0,230,30,185,31	of
499,4,586,0,586,15,500,18	INAD
399,1,492,0,492,22,399,23	most
