72,592,158,591,158,600,72,600	accuracy
166,600,166,588,227,588,227,600	serves
260,600,260,588,285,588,285,600	an
235,590,255,589,256,599,236,600	as
20,600,20,587,65,589,65,600	ENCE
451,600,451,585,525,587,525,600	privacy
530,600,530,585,599,586,599,600	leakao
290,600,290,586,380,586,380,600	indicator
385,600,385,584,410,584,410,600	of
419,584,445,583,446,599,420,600	I'm
36,577,37,556,112,559,112,580	appears
131,564,131,561,134,561,134,564	a
360,575,361,552,420,555,419,577	target
261,556,293,555,294,575,262,576	set
425,574,426,552,488,554,488,575	model
181,573,182,552,258,555,258,576	training
118,573,118,556,137,556,137,573	in
325,575,325,551,359,551,359,575	fthe
296,574,298,551,323,553,321,576	toft
142,552,175,551,176,574,143,575	the
566,574,566,551,600,551,600,574	info
520,551,562,549,564,575,521,577	Their
16,547,17,527,70,528,70,548	ence,
216,526,299,525,299,545,216,546	attempts
386,526,464,525,464,544,386,544	whether
303,526,326,525,326,544,304,545	to
112,546,112,523,209,525,208,549	adversary
506,547,506,523,562,523,562,547	given
330,523,380,522,380,544,330,545	infer
74,524,107,523,108,544,75,545	,the
565,548,566,521,600,522,599,549	hinp
468,523,501,523,501,544,469,545	the
440,513,440,495,561,495,561,513	membership
42,517,42,495,178,495,178,517	Membership
183,494,281,493,282,513,184,515	inference
566,515,566,493,599,493,599,515	pinf
372,493,411,492,412,513,372,514	Ithat
302,514,302,493,368,493,368,514	Recall
413,494,434,493,435,514,414,515	tini
333,478,334,456,403,458,402,480	model
242,458,328,458,328,479,242,479	replicate
57,475,58,459,171,461,170,477	architecture
203,457,237,455,238,479,204,481	fther
178,480,178,456,203,456,203,480	coft
14,457,50,454,53,478,16,481	the
83,434,100,433,101,445,84,446	to
18,450,18,430,77,430,77,450	easier
491,451,491,431,592,431,592,451	regardless
408,448,409,428,483,430,483,449	models,
195,447,195,431,318,431,318,447	functionality
106,430,153,429,153,449,106,450	steal
326,450,326,428,350,428,350,450	ofl
157,450,157,428,190,428,190,450	Ithe
352,427,403,426,403,448,352,449	fnas
493,416,493,411,503,411,503,416	all
569,400,591,400,591,420,569,420	to
144,399,200,398,200,419,144,420	result
510,399,565,398,565,419,511,420	tends
230,418,230,399,288,399,288,418	lower
56,418,57,396,122,399,121,420	model
351,420,351,395,445,398,444,423	implying
446,398,487,397,487,419,447,420	that
294,419,294,397,347,397,347,420	ACE,
205,417,205,399,225,399,225,417	in
18,418,18,397,54,398,53,419	timi
522,388,522,373,541,373,541,388	as
443,388,443,369,515,369,515,388	models
195,390,195,369,259,369,259,390	model
102,371,188,368,189,389,102,392	replicate
387,369,438,368,439,387,388,388	NAS
350,369,384,368,385,389,350,390	,the
290,390,291,367,345,368,345,390	fixed
17,369,61,369,61,388,17,389	with
544,369,578,366,580,388,546,390	the
65,389,65,367,100,367,100,389	the
194,342,227,341,228,359,195,360	are
121,357,121,343,137,343,137,357	as
487,359,487,339,571,339,571,359	Observe
235,344,354,342,355,356,235,359	summarized
395,359,395,338,454,338,454,359	Table
452,352,452,342,462,342,462,352	General
16,338,51,337,51,360,17,361	ber
144,362,146,333,192,336,190,365	8K)
57,360,57,336,110,336,110,360	fixed
568,313,600,312,600,331,569,332	Inu
505,336,505,309,565,309,565,336	query
275,331,275,311,304,311,304,331	SON
203,330,204,309,272,310,272,331	results
18,329,18,308,149,310,149,330	effectiveness
311,311,405,310,406,326,311,328	CIFARIO
410,309,464,308,465,329,411,331	(with
468,329,468,307,502,308,501,330	the
156,307,201,303,203,328,158,332	There
141,300,141,284,162,284,162,300	as
97,301,97,283,135,283,135,301	one
434,297,434,283,515,283,515,297	measure
19,285,91,284,91,297,19,298	assume
559,299,559,281,599,281,598,300	atta
269,299,269,279,321,281,320,300	other
521,300,521,278,554,278,554,300	the
388,300,388,277,428,277,428,300	and
185,277,227,276,228,300,186,301	fand
230,277,264,276,265,300,231,301	the
233,271,234,247,307,251,306,275	setting.
144,271,144,251,227,251,227,271	-agnostic
501,270,501,249,576,250,575,270	models,
419,273,420,248,465,250,464,275	pair
19,268,20,248,144,250,144,270	architecture-a
368,270,368,249,416,249,416,270	each
319,247,363,246,363,271,320,272	For
470,269,472,247,496,248,495,270	off
24,232,24,229,27,229,27,232	I
185,242,186,218,272,221,271,245	stealing.
415,240,416,220,503,220,503,241	consider
337,238,337,219,407,221,406,240	further
50,238,51,221,173,224,172,241	functionality
554,219,599,219,599,238,555,239	victi
19,223,37,222,38,238,20,239	to
509,240,509,219,545,219,545,240	the
291,241,291,217,330,217,330,241	We
147,211,147,190,200,190,200,211	most
492,191,596,188,596,206,493,209	vulnerabili
411,209,411,190,482,190,482,209	similar
268,192,339,190,340,208,269,209	models
347,190,404,188,405,209,347,211	share
18,211,18,188,92,188,92,211	implies
100,209,100,189,140,189,140,209	that
206,187,258,186,259,210,207,211	NAS
80,180,80,161,165,162,165,181	variance,
489,179,489,159,563,160,563,180	models.
201,160,316,159,317,182,201,183	comparison
16,181,16,160,76,160,76,181	lower
410,178,410,160,483,160,483,178	manual
175,163,194,162,195,178,176,179	in
371,159,404,158,405,179,371,180	the
323,158,368,157,369,179,324,181	with
562,149,563,134,600,134,600,150	much
434,130,505,130,505,151,434,151	models
309,151,309,131,336,131,336,151	on
85,130,168,129,168,148,85,149	achieves
18,130,78,129,78,150,18,151	attack
513,129,556,128,557,150,513,151	with
340,130,373,129,373,151,340,151	the
173,150,174,128,251,129,251,151	smaller
377,150,377,128,428,128,428,150	NAS
255,150,256,126,306,129,304,152	ACE
250,123,251,97,326,100,325,126	setting.
63,115,63,101,245,103,244,118	architecture-aware
493,119,493,100,574,102,574,120	datasets,
17,120,17,99,53,99,53,120	tim
339,99,412,98,412,120,339,120	Across
452,98,487,97,488,121,453,122	the
419,121,419,97,447,97,447,121	all
130,73,247,72,247,89,130,90	summarizes
355,89,355,72,479,72,479,89	effectiveness
289,71,347,70,348,89,290,90	attack
40,69,110,68,110,94,41,95	Figure
485,90,485,69,544,69,544,90	sunder
547,90,547,68,579,68,579,90	the
251,90,251,68,285,68,285,90	the
505,53,505,31,573,33,572,54	setting.
421,33,500,31,500,53,422,55	e-agnostic
315,48,316,30,430,33,430,51	architecture-a
17,32,84,31,85,48,17,49	manual
250,32,306,30,307,47,250,48	victim
160,48,160,30,212,31,212,49	under
215,31,245,30,246,49,216,49	the
90,31,154,30,154,48,90,49	models
239,18,239,10,248,10,248,18	of
381,24,381,3,453,5,453,26	stealing
460,26,460,4,526,4,526,26	against
109,18,109,6,221,8,221,19	Performance
259,22,260,3,373,5,373,24	functionality
532,4,578,2,578,21,533,23	NAS
16,24,16,2,68,2,68,24	Table
