51,599,52,584,126,589,125,600	privacy
131,600,131,584,218,585,217,600	leakaoes
351,593,351,573,475,573,475,593	convergence.
568,569,600,568,600,589,569,590	tec
488,588,488,568,562,569,562,588	Similar
306,589,306,567,345,567,345,589	full
275,592,275,567,304,567,304,592	its
26,572,26,552,89,555,88,575	model
1,574,1,554,22,554,22,574	jet
166,553,216,551,217,573,167,575	infer-
119,551,162,549,164,574,121,577	Their
555,560,555,540,599,540,599,560	train
487,539,549,537,549,562,488,563	single
316,558,316,540,396,540,396,558	solution
404,564,404,537,461,537,461,564	using
274,538,311,536,312,559,275,561	the
2,544,3,525,65,526,64,545	hether
106,523,162,523,163,547,106,548	given
166,546,166,522,220,522,220,546	input
68,522,102,521,103,544,69,545	the
428,534,429,508,505,509,504,535	fsolvingt
275,509,323,509,324,531,275,532	cost
547,533,548,508,600,510,600,535	sobjec
404,530,404,509,428,509,428,530	lofs
329,529,329,509,400,509,400,529	instead
507,508,546,507,547,530,507,531	this
15,509,15,501,18,501,18,509	I
40,514,40,493,163,495,162,516	membership
4,512,4,497,35,497,35,512	tin
166,495,216,493,217,514,166,516	pinfer-
375,499,375,482,468,482,468,499	optimizes
277,480,369,479,369,501,277,503	objective
550,500,550,478,598,478,598,500	post
490,480,546,476,548,501,492,505	agivent
345,468,348,452,370,456,367,472	as
471,450,598,448,598,470,472,473	loptimization
278,450,340,449,340,469,278,469	search
393,469,393,450,466,450,466,469	bi-level
90,452,90,428,164,429,164,453	,regardle
157,448,159,429,191,431,190,450	lless
9,449,9,428,84,428,84,449	models,
196,450,196,425,223,425,223,450	of
516,439,516,420,597,421,597,440	instance
276,442,277,418,344,420,343,444	during
389,441,389,418,458,418,458,441	search
468,442,468,417,510,417,510,442	For
348,419,384,418,384,440,349,441	the
95,416,95,411,104,411,104,416	I'll
0,424,0,398,46,399,45,425	yingt
167,420,167,399,191,399,191,420	stop
111,399,165,398,165,420,111,420	tends
47,398,88,396,89,419,48,421	thati
193,420,193,397,220,397,220,420	be
473,413,473,393,592,393,592,413	prematurely
403,410,403,390,466,390,466,410	model
299,392,393,390,393,409,299,411	candidate
121,387,122,371,143,372,142,389	as
44,371,114,370,114,387,44,388	models
181,390,182,367,226,369,225,392	evic-
0,389,0,367,40,367,40,389	NAS
146,368,180,367,180,388,146,389	the
447,379,447,362,528,362,528,379	methods
301,381,301,359,383,360,382,383	Popular
535,359,590,359,590,382,536,383	often
386,380,386,358,438,358,438,380	NAS
88,340,170,339,170,357,88,358	Observe
180,359,180,339,220,339,220,359	that
0,358,0,338,69,338,69,358	Table2.
275,331,335,330,335,349,276,350	stems
488,329,554,329,555,352,488,353	design
558,350,558,328,600,329,599,351	cho
445,353,445,327,483,327,483,353	key
394,349,394,327,443,328,443,350	their
339,328,389,327,389,349,339,350	from
168,330,168,313,221,313,221,330	num-
105,333,106,309,164,312,163,336	query
16,308,64,307,65,329,17,330	(with
68,307,102,306,103,329,70,331	the
518,322,518,301,589,301,589,322	greater
316,320,316,301,433,301,433,320	hypothesize
438,319,438,299,478,299,478,319	that
480,321,480,298,515,298,515,321	the
275,321,276,298,312,299,312,322	We
34,283,115,282,116,298,34,298	measure
160,298,161,279,222,281,221,300	attack
0,299,0,277,29,279,28,300	nd
120,279,154,278,155,299,121,300	the
189,271,189,252,222,252,222,271	we
348,251,515,250,515,267,348,268	Architectural
101,268,102,247,176,249,176,270	models,
21,274,21,248,64,248,64,274	pair
523,271,526,243,600,249,599,278	IPrope
275,271,276,246,317,248,316,273	4.1
70,270,70,247,95,247,95,270	of
17,221,103,220,103,240,17,240	consider
154,240,154,219,221,219,220,240	victim
110,219,144,217,145,238,111,240	the
91,211,91,190,216,190,216,211	vulnerability
11,190,83,189,83,210,11,210	similar
366,196,366,177,488,177,488,196	explanations
276,178,360,175,361,198,276,201	possible
532,196,533,174,579,176,578,198	such
493,175,528,172,530,196,495,199	sfors
9,179,9,161,83,161,83,179	manual
89,179,89,160,164,160,164,179	models.
172,157,221,156,221,181,172,182	This
481,162,481,157,492,157,492,162	in
521,168,522,148,588,149,588,168	variety
308,165,308,149,360,149,360,165	more
367,166,367,147,469,148,469,167	vulnerable
273,144,303,140,306,166,277,170	ben
162,150,162,130,219,130,219,150	much
35,150,35,130,105,130,105,150	models
113,150,113,128,157,128,157,150	with
0,150,0,128,29,128,29,150	AS
475,138,476,114,554,116,553,140	models,
276,138,277,113,370,116,369,141	manually
380,117,468,117,468,138,380,138	designed
560,115,599,114,600,136,561,138	NA
94,119,94,102,172,103,172,120	datasets,
20,100,46,99,47,119,21,120	all
185,121,185,97,220,97,220,121	the
51,99,86,97,88,120,52,122	the
466,107,466,87,529,87,529,107	luation
425,107,425,88,470,88,470,107	evalu
323,87,419,86,419,107,324,108	empirical
274,85,319,83,320,108,275,109	The
4,89,4,72,81,72,81,89	tiveness
85,89,86,70,145,71,145,90	under
180,91,183,67,227,72,224,95	evic-
147,90,147,68,180,68,180,90	the
106,50,107,31,173,33,172,53	setting.
1,53,1,33,100,33,100,53	re-agnostic
322,50,322,26,430,28,430,52	Analysis
59,4,125,3,126,25,59,26	against
0,26,1,2,56,5,54,29	ealing
185,22,186,3,220,4,219,22	and
131,4,178,2,178,22,132,23	NAS
