0,595,0,571,78,571,78,595	ergence.
281,592,281,571,317,571,317,592	are
171,588,172,569,276,573,275,593	techniques
428,589,428,569,480,569,480,589	other
320,572,395,568,396,590,322,594	applied
88,569,162,569,162,588,88,589	Similar
400,569,424,568,424,589,401,590	lin
156,562,156,538,235,539,235,562	training
87,564,87,537,149,537,149,564	single
4,562,5,538,61,540,60,564	using
429,539,480,538,480,559,429,559	from
298,540,360,539,360,559,298,559	which
239,563,240,537,289,540,287,566	step,
391,539,424,537,425,560,392,562	far
346,531,346,509,477,509,477,531	approximates
242,531,242,509,317,511,316,533	eexactly
149,531,149,508,241,508,241,531	sobjective
28,510,102,510,103,532,28,533	fsolving
325,529,325,510,341,510,341,529	it
106,508,146,507,146,531,107,531	this
3,529,4,508,31,509,30,530	ofs
251,501,251,482,295,482,295,501	save
335,481,477,479,478,499,335,501	computational
225,500,225,481,247,481,247,500	to
152,499,152,478,220,481,220,502	model;
2,499,3,479,70,480,70,499	timizes
297,479,333,478,334,500,297,501	the
89,480,147,476,149,501,90,504	agivent
203,471,203,450,289,451,289,472	problem,
74,469,74,449,197,450,197,470	optimization
425,449,481,449,482,470,426,471	inner
298,450,322,450,322,470,298,470	in
1,470,1,448,67,448,67,470	i-level
325,448,385,448,385,470,325,471	which
388,450,423,447,425,469,390,472	their
211,421,286,420,286,442,211,443	DARTS
288,419,337,416,339,444,290,447	139]
0,441,0,420,60,420,60,441	earch.
343,421,438,421,438,438,343,438	formulate
115,439,116,417,201,420,200,442	instance
70,442,70,417,111,417,111,442	For
445,418,480,417,481,439,446,441	the
354,409,355,392,478,394,478,411	convergence
74,412,74,393,193,393,193,412	prematurely
202,411,202,389,268,389,268,411	before
4,411,4,389,67,389,67,411	model
308,389,347,388,347,411,309,411	full
273,388,303,387,304,411,274,412	its
45,363,127,361,128,379,46,380	methods
324,363,446,361,446,378,324,380	performance
136,382,136,360,190,360,190,382	often
196,363,276,361,277,378,197,380	evaluate
283,380,283,360,318,360,318,380	the
458,379,458,360,480,360,480,379	of
0,359,38,358,39,379,0,380	NAS
161,329,236,328,236,349,161,350	choices
88,350,88,328,153,330,152,353	design
44,353,45,327,84,328,83,354	key
1,351,1,328,43,328,43,351	heir
117,301,190,300,190,324,117,325	greater
405,319,405,300,479,300,479,319	models
194,318,194,302,316,302,316,318	vulnerability
351,319,351,299,401,299,401,319	INAS
38,300,78,299,78,319,38,319	that
0,301,35,299,36,319,0,321	size
323,320,324,298,350,299,349,321	Yoff
80,320,80,299,114,299,114,320	the
3,250,116,249,116,270,3,271	aitectural
294,270,295,245,448,249,447,275	fTrainability
267,268,267,250,301,250,301,268	of
125,272,125,249,255,249,255,272	Properties
185,178,308,177,308,197,185,198	phenomena
2,195,2,177,90,177,90,195	lanations
132,196,132,175,178,175,178,196	such
94,175,129,175,129,196,94,197	for
104,157,104,152,112,152,112,157	a
366,171,366,147,399,147,399,171	we
76,167,76,148,100,148,100,167	to
1,147,69,146,70,165,2,166	nerable
222,147,296,146,297,166,222,167	attacks.
121,168,122,146,189,148,188,170	variety
402,149,479,147,479,167,403,169	provide
303,169,303,143,361,143,361,169	Next
194,167,195,145,221,146,220,168	ofa
76,136,76,114,155,117,154,139	models,
162,117,320,116,320,141,162,141	NAS-generated
2,118,68,115,69,137,3,140	signed
458,137,460,116,481,119,479,139	to
405,116,450,114,451,136,406,137	tend
327,136,327,115,397,115,397,136	models
6,102,6,99,9,99,9,102	a
11,99,14,98,15,101,12,102	I
26,89,129,88,129,105,26,106	evaluation
203,88,273,87,274,106,203,107	reveals
435,88,480,87,480,105,435,107	with
328,87,425,86,425,108,328,108	compared
279,87,320,85,321,107,280,109	that
2,89,16,89,16,103,2,103	al
0,51,0,28,32,28,32,51	sis
