45,351,45,349,47,349,47,351	a
394,356,394,339,441,339,440,356	smaxc
359,355,359,338,392,338,392,355	argi
70,336,152,335,152,352,71,353	contains
434,335,503,332,504,357,435,358	xclx).
212,334,246,334,246,353,213,354	the
157,354,158,333,207,335,206,356	only
250,333,302,333,302,354,250,354	label
514,355,514,333,547,333,547,355	As
20,333,64,330,65,358,21,358	flx)
263,310,315,308,315,323,263,324	score
463,306,510,305,511,323,463,324	class
17,323,17,305,100,305,100,323	contains
322,303,374,302,375,330,322,331	folx)
545,303,583,302,583,323,546,324	and
106,304,142,303,142,325,107,326	the
408,324,408,302,456,304,455,326	feach
147,304,255,303,255,324,147,326	confidence
378,303,404,302,405,326,379,326	of
108,295,108,277,141,277,141,295	are
147,276,187,276,188,294,147,295	two
193,276,275,273,276,293,194,296	possible
465,277,567,275,567,293,465,296	prediction
283,279,381,276,382,291,284,294	scenarios:
439,294,441,275,459,277,456,296	i's
43,275,102,274,102,293,43,294	There
123,263,123,248,181,249,181,264	assess
239,245,314,243,314,268,239,269	rprivacy
188,245,235,245,235,264,188,265	their
18,262,18,244,88,244,88,263	models
319,243,369,242,370,264,319,265	risks.
94,265,95,243,119,244,118,266	to:
510,236,510,216,542,216,542,236	on
78,218,111,215,113,234,80,237	we
546,234,546,215,600,215,600,234	vario
437,234,437,214,504,215,504,234	attacks
118,232,118,216,197,217,197,233	conduct
205,234,205,211,328,213,327,236	membership
18,212,71,212,72,235,18,236	Next,
334,234,335,211,429,211,429,235	inference
423,194,423,192,424,192,424,194	-
165,189,225,188,226,202,165,203	serves
70,189,158,187,158,205,71,206	accuracy
233,189,255,189,255,204,234,205	as
423,193,423,191,425,191,425,193	-
17,188,65,187,65,204,17,205	ence
450,207,450,184,524,185,523,208	privacy
259,188,288,186,289,205,260,207	ani
414,206,415,185,445,186,445,207	fly
528,205,530,182,600,186,599,209	leakag
292,203,292,184,380,184,380,203	indicator
384,203,385,182,412,184,410,206	rof
134,166,134,164,136,164,136,166	I
37,177,37,155,112,157,112,179	appears
362,177,362,154,420,155,420,178	target
426,172,427,154,487,155,487,173	model
263,175,263,154,294,154,294,175	set
181,172,182,153,258,156,257,175	training
522,154,562,152,563,173,523,175	The
325,174,325,153,358,153,358,174	the
143,154,175,153,175,173,144,174	the
297,174,297,153,323,153,323,174	toft
566,153,600,152,600,173,567,174	inf
122,156,137,155,139,170,123,172	in
17,145,17,128,69,128,69,145	ence,
215,124,299,124,299,146,215,147	attempts
113,144,113,124,210,125,210,146	adversary
386,127,463,125,463,141,386,143	whether
469,145,469,124,503,124,502,145	the
330,124,378,123,378,144,330,145	infer
75,125,107,123,108,143,76,144	the
506,123,562,121,563,146,506,148	giveni
566,147,566,122,600,123,599,148	inp
302,125,327,122,330,143,305,146	stoi
438,114,439,90,564,93,563,117	membershipi
304,95,368,95,368,114,304,115	Recall
42,113,43,90,179,94,179,118	Membershipi
373,115,373,94,410,94,410,115	that
184,113,184,94,281,94,281,114	inference
566,94,600,91,600,113,568,116	info
416,113,416,95,436,95,436,113	in
334,60,399,59,400,77,334,78	model
57,78,57,59,171,59,171,78	architecture
204,58,237,58,237,78,205,79	the
242,58,327,56,328,79,243,80	replicate
177,60,203,58,204,79,178,80	coff
17,78,17,57,50,57,50,78	the
408,48,408,30,482,30,482,48	models,
106,49,107,29,153,29,153,49	steal
17,29,76,28,76,49,17,50	easier
194,48,194,29,320,29,320,48	functionality
490,29,592,27,593,50,491,52	regardless
352,29,402,28,403,48,352,49	INAS
325,30,354,28,355,48,326,50	Yoff
156,28,190,27,191,49,157,50	Ithe
80,49,80,29,104,29,104,49	to
231,18,231,1,288,1,288,19	lower
145,1,200,0,200,18,145,19	result
58,18,58,0,121,1,120,19	model
569,1,592,1,592,19,569,19	tol
512,2,563,1,563,17,512,18	tends
449,2,486,0,487,18,449,20	that
353,19,354,0,443,1,443,22	implying
294,1,346,0,346,20,294,21	ACE,
18,19,18,1,52,1,52,19	tim
205,4,226,0,228,17,208,21	tin]
