93,349,93,347,95,347,95,349	a
40,349,40,347,42,347,42,349	I
183,340,220,338,220,354,183,355	can
0,356,0,338,44,338,44,356	naxc
34,334,101,333,101,357,34,358	XCIX).
114,353,115,332,147,333,147,355	As
404,337,404,319,546,321,545,339	demonstrating
325,339,325,318,397,318,397,339	models
550,319,583,318,584,340,550,340	the
277,336,277,317,320,318,320,337	date
211,320,211,318,213,318,213,320	I
203,318,215,318,215,322,203,322	old
62,324,62,305,111,305,111,324	class
7,325,7,304,56,304,56,325	each
146,324,146,304,184,304,184,324	and
277,309,277,292,366,294,366,310	converge
509,312,509,289,562,289,562,312	early
567,290,600,289,600,310,568,311	sta
439,310,440,288,504,290,503,312	during
375,309,375,289,431,289,431,309	faster
46,291,46,289,48,289,48,291	the
204,287,205,285,207,287,205,289	a
203,288,203,286,205,286,205,288	I
64,275,167,273,168,293,65,295	prediction
42,294,43,277,57,277,57,295	is'
176,276,219,272,221,295,178,299	flx)
332,260,385,260,385,278,332,279	tends
550,260,596,260,596,278,550,279	with
473,277,474,259,544,262,544,281	models
415,260,468,259,469,278,416,279	favor
390,261,411,260,412,279,391,280	to
278,259,327,259,327,278,278,278	NAS
314,250,314,232,347,232,347,250	are
353,231,388,230,389,249,354,250	not
532,229,579,229,579,248,532,249	their
496,233,526,229,528,250,498,254	lon
396,248,396,231,491,231,491,248	evaluated
276,249,276,228,308,228,308,249	els
0,218,29,218,30,234,0,235	cee
109,235,109,216,142,216,142,235	on
36,235,36,214,105,214,105,235	attacks
146,214,218,213,219,234,146,236	various
414,201,498,200,498,219,415,220	methods
277,200,356,198,357,222,278,224	popular
558,199,596,197,597,222,559,223	>[46
502,222,504,198,558,202,556,226	s(eps
360,219,360,198,410,198,410,219	NAS
49,185,123,184,124,207,50,208	privacy
128,205,129,182,220,185,219,208	leakages.
0,208,0,182,46,182,46,208	ff's
350,188,350,172,479,175,479,191	convergence.
569,190,569,170,600,171,600,190	tec
490,170,562,170,562,188,490,188	Similar
277,169,303,168,304,190,277,190	its
307,169,344,168,345,188,308,189	full
27,156,87,155,87,173,27,174	model
0,156,20,156,21,173,0,174	set
167,174,167,153,216,154,216,174	infer-
121,154,163,152,163,174,122,175	The
488,139,548,138,548,161,488,162	single
556,158,557,139,600,142,599,161	train
404,162,405,138,460,139,460,163	using
317,159,317,140,396,140,396,160	solution
276,139,309,138,310,159,277,160	the
2,125,65,124,65,143,2,144	hether
69,145,69,123,102,123,102,145	the
166,146,167,121,221,123,219,148	input
104,125,162,120,164,146,106,151	giveni
428,131,428,109,504,110,504,131	fsolving
328,111,399,109,400,128,329,130	instead
275,130,276,108,325,111,324,133	COST
507,109,545,108,545,131,507,131	this
548,135,549,106,600,107,600,136	sobjec
403,130,403,108,430,108,430,130	lofs
39,117,39,95,164,95,163,117	membershipi
168,94,217,93,217,114,168,115	infer-
13,95,35,94,36,114,14,115	tini
480,95,484,86,492,89,488,99	a
551,100,551,79,600,80,600,100	mod
375,80,469,79,469,100,375,101	optimizes
491,80,548,78,549,103,492,105	given
280,79,369,77,369,99,280,101	objective
361,66,361,63,363,63,363,66	I
360,66,360,63,362,63,362,66	a
359,67,359,62,365,62,365,67	Lines:
474,53,596,47,597,66,475,71	optimization
276,52,341,51,341,70,277,71	search
391,52,466,50,466,68,392,69	bi-level
91,32,191,30,191,49,91,51	regardless
8,48,8,28,84,30,83,49	models,
194,49,195,26,223,28,221,51	of
389,24,457,21,457,40,389,42	search.
277,42,278,20,343,21,343,43	during
516,39,516,20,599,21,598,40	instance
349,20,382,19,383,39,350,40	the
471,18,511,18,511,42,471,42	For
0,24,0,0,45,0,45,24	yingt
48,1,87,0,87,19,49,20	that
168,20,168,1,193,1,193,20	tol
112,1,163,0,164,18,113,18	tends
468,0,595,0,595,12,469,15	piematurery
193,0,219,0,220,17,194,19	be
296,3,393,2,393,8,296,9	candidate
401,1,467,0,467,12,401,12	hode
