332,321,438,318,439,340,333,343	properties:
3,337,4,319,145,321,144,339	demonstrating
188,337,189,319,285,321,285,339	following
288,342,289,317,327,318,327,343	key
149,318,185,316,186,338,151,340	the
169,312,169,290,231,292,230,313	stages
0,292,32,291,33,310,0,311	ster
110,311,111,289,163,291,162,314	early
418,290,478,290,478,309,418,309	candi
328,290,384,290,384,307,329,308	result
40,308,40,290,103,291,103,310	during
260,291,319,288,320,307,261,310	which
399,306,399,290,416,290,416,306	in`
74,260,145,259,145,279,74,279	models
16,260,68,259,69,278,16,280	favor
201,282,201,258,266,258,266,282	higher
425,259,480,259,480,279,425,279	those
149,259,196,258,197,278,150,280	with
269,279,270,256,397,259,396,282	rectrainability"
331,241,338,241,338,244,331,244	-
329,241,329,237,335,237,335,241	a
350,248,351,232,478,234,478,250	convergence,
189,233,314,232,314,248,189,249	performance
133,230,180,230,181,249,133,249	their
0,230,90,229,90,248,0,249	evaluated
98,230,126,229,127,250,99,252	on
15,219,15,200,98,200,98,219	methods
101,223,102,197,158,200,157,226	s(e.g.,
428,199,479,198,480,219,429,219	mod-
326,198,423,198,424,219,326,220	candidate
157,197,202,197,202,224,157,224	>[46,4
201,199,250,197,251,222,202,224	47).
290,199,324,198,325,218,291,220	the
256,219,256,198,287,198,287,220	As
1,173,80,171,81,191,1,192	ergence.
281,192,281,172,316,172,316,192	are
427,189,427,170,480,170,480,189	other
321,171,393,168,395,190,323,194	applied
169,192,169,168,277,168,277,193	techniques
89,169,163,169,163,188,89,189	Similar
399,169,423,168,425,189,400,190	lin
241,164,242,139,287,141,286,166	step,
88,139,148,138,148,161,88,161	single
429,158,429,140,480,141,479,159	from
4,162,5,138,61,139,61,163	using
157,158,157,138,235,141,234,161	training
391,139,423,138,424,160,392,161	far
298,139,359,137,360,159,299,161	which
334,123,338,123,338,127,334,127	I
242,133,242,110,316,112,316,135	exactly
347,129,347,112,476,112,476,129	approximates
30,131,30,109,103,110,103,132	fsolving
151,109,239,108,240,130,151,131	Sobjective
107,131,107,109,145,109,145,131	this
3,130,3,108,30,108,30,130	ofs
250,85,295,83,295,98,251,100	save
231,89,231,87,233,87,233,89	I
153,101,153,81,221,81,221,101	model;
2,98,2,80,69,80,69,98	timizes
334,84,478,82,478,99,335,101	computational
224,81,249,80,250,101,225,102	;to
299,99,299,80,331,80,331,99	the
90,79,147,78,148,104,91,105	agiven
201,50,294,49,294,72,202,74	problem,
74,52,196,51,196,70,74,72	optimization
426,50,481,49,482,70,426,70	inner
2,69,2,50,66,51,66,69	i-level
389,50,423,49,423,70,389,70	the
325,48,386,48,386,70,325,70	which
296,50,322,50,322,71,296,71	,in
214,38,214,22,284,23,284,39	DARTS
0,22,59,21,59,40,0,41	earch.
290,45,290,19,337,19,337,45	[39]
343,20,439,20,439,39,343,39	formulate
116,39,117,19,203,22,202,41	instance
446,20,480,19,480,40,446,41	the
71,18,110,18,110,41,72,42	For
69,13,69,0,196,1,196,14	piematurery
202,10,203,0,268,2,267,11	deloie
308,10,308,0,347,0,347,10	put
2,1,66,0,67,11,2,13	model
273,0,302,0,303,10,274,11	place
