120,234,120,224,167,224,167,234	variance.
0,224,25,223,25,234,0,234	mess
73,224,117,222,117,233,73,235	gradient
49,234,49,222,70,222,70,234	How
26,221,48,220,48,233,27,234	and
55,214,55,212,56,212,56,214	I
28,218,28,207,50,207,50,218	can
159,206,214,205,214,219,159,220	properties
70,206,121,206,121,217,70,217	attributed
0,218,0,205,27,205,27,218	tacks
260,218,260,205,283,205,283,218	loss
140,218,140,205,158,205,158,218	the
232,220,233,204,259,205,259,220	high
217,218,217,205,231,205,231,218	soft
52,204,67,204,68,217,52,217	be
263,202,263,192,285,192,285,202	var-
251,200,251,192,261,193,261,201	to
95,200,95,191,161,191,161,201	vulnerability
209,201,209,191,247,191,247,201	models
8,201,8,190,46,191,46,202	discuss
179,201,179,190,206,190,206,201	NAS
164,203,164,190,179,190,179,203	Yoff
48,202,48,189,72,189,72,202	how
74,190,93,189,93,202,74,202	the
1,165,86,164,87,176,1,178	Explanations
159,176,160,164,247,166,246,177	Vulnerability
120,176,120,163,155,163,155,176	Attack
90,176,91,163,107,164,106,177	50f
71,127,111,126,111,141,71,141	phases.
27,138,27,126,69,128,68,140	training
0,142,0,127,26,127,26,142	early
233,125,233,111,284,112,283,125	converge
6,113,50,112,50,122,6,123	estimate
86,123,86,112,110,112,109,124	true
111,111,157,111,157,125,111,125	gradient
203,112,232,110,233,123,204,124	them
51,112,65,111,66,123,52,125	eoft
160,124,160,110,202,111,202,125	making
66,111,85,110,86,123,66,124	Ithet
243,110,243,94,274,95,274,111	sgives
51,108,51,96,106,96,106,108	stochastic
109,97,153,95,153,107,110,109	gradient
201,108,202,95,242,96,242,108	models
155,108,156,95,169,96,169,108	toff
172,107,172,95,200,95,200,107	NAS
30,108,30,94,50,94,50,108	you
5,109,5,94,29,94,29,109	why
258,94,258,80,284,80,284,94	may
194,81,256,79,256,90,194,91	observation
0,93,0,79,29,80,28,95	antly
118,91,118,79,162,80,162,92	training.
90,92,90,80,117,80,117,92	after
166,79,192,79,193,91,167,92	This
30,79,66,78,67,91,30,92	before
68,90,68,79,89,79,89,90	and
244,78,244,64,284,64,283,78	change
223,77,223,64,243,64,243,77	snot
114,65,154,65,154,75,114,75	imanual
53,64,97,64,97,75,53,75	variance
6,65,49,63,50,75,7,77	gradient
156,74,157,64,195,65,195,75	models
197,64,222,63,223,75,197,76	does
100,75,100,64,113,64,113,75	off
228,54,228,52,229,52,229,54	I
230,53,230,52,232,52,232,53	I
237,61,237,49,281,49,281,61	COMPARI
28,60,29,47,63,49,63,62	grows
64,61,64,47,114,48,114,62	gradually
175,59,175,47,220,49,219,60	training;
223,49,234,49,235,59,223,59	in
116,61,116,47,153,47,153,61	during
2,60,2,47,27,47,27,60	then
153,47,173,46,173,60,154,61	the
214,43,214,34,253,34,253,43	manual
123,43,123,33,164,33,164,43	smaller
64,44,64,32,121,32,121,44	magnitude
12,43,13,32,46,32,46,44	orders
166,32,191,31,191,44,166,44	than
256,43,256,30,283,31,283,44	mod-
47,44,47,31,63,31,63,44	soft
193,44,193,31,211,31,211,44	the
246,22,247,21,248,22,247,23	a
254,27,254,18,283,18,283,27	more
113,17,158,16,158,26,113,27	variance
245,25,245,19,252,19,252,25	is
203,27,203,17,240,17,240,27	models
173,16,200,15,201,27,174,28	INAS
159,17,173,16,173,28,159,28	Coff
1,26,2,14,44,16,44,28	lization,
66,17,110,15,110,28,66,30	gradient
45,29,45,15,66,15,66,29	,the
229,1,260,1,260,12,229,12	cases
47,1,99,1,99,12,47,13	complete.
0,13,0,1,32,1,32,13	aining
261,1,283,0,284,11,262,12	that
187,6,187,3,190,3,190,6	it
130,1,176,0,176,10,130,10	observed
104,1,127,0,127,12,104,13	Itis
193,1,209,0,209,11,193,12	all
211,0,229,0,229,11,211,12	the
