70,584,70,560,126,561,125,585	2017.
381,552,381,533,539,534,539,553	Representations
250,553,252,533,281,535,280,555	CONI
134,555,134,532,249,534,249,557	IConference
541,533,600,530,600,554,542,557	S(ICLE
284,552,285,531,374,534,373,555	Learning
71,553,71,532,131,532,131,553	tional
541,522,541,503,600,504,599,523	Intern
376,525,376,502,501,505,500,527	Proceedings
227,526,228,501,323,502,323,528	Learning.
72,504,217,503,218,522,72,523	Reinforcement
562,493,562,473,599,474,599,494	susin
427,475,557,473,557,491,427,492	Architectures
334,492,334,471,419,472,419,493	Network
261,493,261,472,327,472,327,493	Neural
150,497,150,473,255,474,255,498	Designing
69,474,143,472,144,493,70,495	Raskar
537,462,537,443,598,444,598,463	Rames
72,462,72,443,141,444,141,463	Bowen
493,463,494,442,532,444,531,464	and
145,465,145,442,209,442,209,465	Baker
433,464,433,441,489,441,489,464	INaik,
363,441,430,440,430,463,363,464	,Nikhill
289,464,291,439,362,443,361,468	Gupta,
217,443,287,440,288,462,217,464	Otkrist
69,396,149,396,149,423,69,424	(ICML),
157,418,157,396,212,396,212,418	2018.
402,387,403,370,431,371,430,388	on
435,386,435,367,520,368,520,387	Machine
285,387,285,366,398,368,397,389	Conference
197,369,280,363,282,386,199,392	SOFIEEE
72,385,72,367,194,370,194,389	Proceedings
526,366,597,366,597,387,526,388	Learnin
335,354,335,348,345,348,345,354	a
227,356,227,339,318,340,318,357	Defenses
71,356,72,337,218,339,217,358	Circumventing
476,335,583,334,583,360,477,361	Examples.
356,338,468,337,468,356,356,357	Adversarial
531,327,531,308,596,308,596,327	Securit
295,327,296,305,347,307,346,328	Give
69,328,69,307,184,308,184,329	Obfuscated
433,327,433,305,493,305,493,327	Sense
372,307,427,305,428,327,373,328	False
193,307,289,305,290,327,194,329	Gradients
500,328,500,304,526,304,526,328	NOF
538,300,540,274,599,277,598,303	Wagn
237,279,325,278,325,296,238,298	Nicholas
420,298,420,277,461,277,461,298	and
333,277,410,276,410,297,333,298	Carlini,
140,297,141,276,226,279,225,300	Athalye
26,303,27,276,65,277,64,304	12]
468,277,531,275,532,296,468,297	David
69,276,132,274,132,297,69,298	Anish
236,254,236,232,344,233,343,255	(NeurlPs),
151,232,231,231,232,254,151,254	Systems
69,254,70,230,146,234,144,258	cessing
350,252,350,230,410,230,410,252	2016
72,220,72,201,192,205,191,224	Proceedings
449,221,449,201,566,201,565,222	Information
233,221,233,202,330,202,330,221	Advances
369,199,440,198,440,222,369,222	Neural
491,173,576,172,576,191,491,192	Descent
268,172,348,172,348,193,269,193	Descent
393,192,393,171,481,171,481,192	Gradient
172,191,172,171,258,171,258,191	Gradient
70,171,129,170,130,192,71,193	Learn
359,196,359,171,384,171,384,196	by
136,196,136,169,164,169,164,196	by
496,162,496,142,588,143,588,163	Learning
298,142,364,141,364,162,298,163	Nando
405,162,405,140,480,141,479,162	Freitas
376,158,377,146,394,147,394,158	de
117,161,117,142,239,142,239,161	Shillingford
68,163,68,142,107,142,107,163	dan
250,140,291,140,291,162,251,163	and
197,132,198,110,291,111,291,133	Hoffman
71,112,156,111,156,129,71,131	Matthew
482,132,482,111,553,112,552,133	Schaul,
562,133,562,111,600,111,600,133	Bre
428,111,475,110,475,133,428,134	Tom
367,135,367,108,423,108,423,135	Pfau
300,111,362,110,362,132,300,133	David
540,103,540,81,600,82,599,103	Gome
155,101,155,86,304,86,304,101	Andrychowicz,
72,101,72,83,143,83,142,102	Marcin
461,105,462,80,534,81,534,106	Sergio
28,107,28,82,62,82,62,107	[1]
390,101,391,80,456,83,455,104	Denil
317,102,317,81,384,81,384,102	Misha
18,43,19,23,154,26,154,46	References
