336,584,336,580,339,580,339,584	I
528,581,528,578,531,578,531,581	a
274,570,322,569,323,594,274,595	[15]
333,585,333,574,346,574,346,585	J.
452,592,452,568,512,568,512,592	Dong,
349,593,349,569,410,569,410,593	Deng,
414,569,452,568,452,594,415,595	PWD
547,588,548,568,599,570,598,590	Soch
519,575,544,568,549,586,524,593	,R.
143,556,144,529,219,532,218,559	(ICLR),
4,553,4,534,140,534,140,553	presentations
370,543,370,522,529,523,529,544	Representations
533,543,533,519,599,519,599,543	S(CLR
329,547,329,520,365,520,365,547	ing
2,523,2,503,100,504,100,524	oceedings
141,523,141,502,223,503,223,524	Internal
521,511,521,492,600,492,599,512	Internat
360,509,361,488,484,493,483,514	Proceedings
330,510,332,490,356,492,354,512	In
3,491,3,478,19,478,19,491	rk
26,475,155,474,155,489,27,490	Architectures
161,496,162,469,220,472,218,499	susing
382,464,416,462,417,482,383,484	out
328,486,328,461,378,461,378,486	ping
454,481,454,462,581,463,581,482	Performance
424,480,424,460,445,460,445,480	of
137,462,137,442,216,442,216,462	Ramesh
93,462,93,442,132,443,132,463	,and
34,441,89,441,90,465,34,465	INaik,
0,464,0,441,32,441,32,464	hill
329,432,402,431,403,449,330,451	Xiaolin
580,451,580,433,598,433,598,451	Ya
504,451,505,429,569,431,569,453	Junchi
461,451,461,428,500,428,500,451	>and
410,430,456,427,458,453,412,456	Wei
329,424,329,400,448,400,448,425	Xiangxiang
274,426,274,400,324,400,324,427	[14]
507,421,507,400,599,402,598,423	Xiaoxing
451,423,451,398,502,399,502,424	Chu
2,387,2,370,29,370,29,387	on
35,387,35,366,121,367,121,387	Machine
128,387,129,365,216,370,215,391	Learning
465,355,554,354,554,371,465,372	Inference
332,370,333,352,455,355,455,373	Membership
561,373,561,351,598,351,598,373	Atters
2,356,2,337,70,337,70,356	ersarial
78,358,78,337,179,338,179,359	Examples.
330,321,419,320,419,341,331,342	Nicholas
427,322,502,322,502,343,427,343	Carlini
514,343,514,319,554,320,553,344	and
560,344,560,318,598,318,598,344	Nic
130,328,131,305,219,307,218,330	Security
35,326,35,307,93,307,93,326	Sense
0,329,0,307,28,307,28,329	Ise
99,306,124,305,125,326,100,327	cof
474,300,484,298,485,306,475,307	a
275,293,321,292,321,317,275,318	[13]
513,314,513,292,599,292,599,314	Choquet
330,314,330,291,450,292,450,314	Christopher
141,301,141,278,222,280,221,303	Wagner
69,297,69,277,131,277,131,297	David
22,297,22,277,60,277,60,297	and
377,242,458,241,458,268,378,269	(ICCV),
328,267,328,243,376,243,376,267	sion
462,266,462,241,519,241,519,266	2019.
330,239,330,213,375,213,375,239	ings
462,232,463,213,593,215,593,233	International
378,237,378,213,459,213,459,237	ofieeee
49,203,166,202,166,221,49,222	Information
172,224,175,196,226,202,223,229	Pro-
0,200,41,199,41,222,0,223	ural
442,205,442,183,526,183,526,205	between
330,183,392,182,392,206,330,207	Depth
531,184,597,182,597,203,531,205	Search
394,208,395,182,440,183,439,209	Gap
91,174,174,171,174,192,91,195	Descent.
200,190,201,172,217,173,215,191	In
1,171,81,169,82,193,1,194	Gradient
378,174,378,154,516,154,516,174	Differentiable
526,174,526,153,597,153,597,174	Archite
328,175,328,152,371,152,371,175	sive
197,163,197,144,219,144,219,163	to
94,164,95,139,189,142,188,167	Learning
5,162,5,139,80,140,80,163	Freitas.
274,123,323,122,323,150,274,151	[12]
374,147,374,124,435,124,435,147	Chen
562,143,564,122,600,126,599,147	>Jun
439,147,440,121,509,122,509,148	Lingxi
512,121,558,120,559,147,512,148	iXie
327,121,370,119,371,146,328,149	Xin
164,113,216,111,217,132,165,134	Bren
81,132,81,110,152,110,152,132	Schaul
11,118,15,114,20,120,16,124	I
27,110,76,109,77,133,28,135	Tom
140,101,141,82,222,85,222,103	Gomez
1,103,1,81,54,82,53,104	Denil,
62,104,63,80,133,82,132,106	Sergio
330,97,330,73,386,73,386,97	2021
511,66,512,46,541,47,540,67	CONL
394,66,395,44,508,48,507,70	IConference
329,66,329,45,390,45,390,66	tional
543,63,543,43,600,45,599,65	Learn
408,33,408,17,526,18,526,34	Architecture
331,15,399,14,399,35,331,36	Neural
534,33,534,14,597,16,596,35	Search
527,0,572,0,572,8,527,10	Sender:
424,8,424,0,479,0,479,11	and
580,4,580,0,598,0,598,4	all
480,11,481,0,527,0,527,12	Chargers
329,11,329,0,415,0,415,11	second
