51,594,52,569,113,570,113,594	Dong,
149,588,149,569,221,570,221,589	Socher,
228,592,228,567,292,567,292,592	LLi
410,590,410,568,437,568,437,590	ILi
368,568,407,567,407,589,369,590	and
19,591,20,568,50,569,50,591	W.
438,594,438,566,485,566,485,594	iFeis
332,567,367,565,369,592,334,594	iLi
290,568,330,567,331,591,291,591	Kail
2,539,2,522,128,523,128,540	presentations
218,541,218,521,272,521,272,541	2021
132,544,133,519,211,520,211,545	(ICLR),
379,512,380,493,409,494,409,513	on
2,514,2,494,83,494,83,514	ceedings
121,492,251,490,251,511,121,513	International
413,513,414,490,485,492,484,515	Learn-
258,513,259,491,372,491,372,513	Conference
2,466,13,465,14,477,3,478	ut
376,478,376,461,477,462,476,479	Indicators.
288,461,367,460,367,481,288,482	Without
187,461,278,460,278,484,188,485	Collapse
53,460,181,460,181,481,53,481	Performance
27,475,28,463,41,464,39,477	of
330,454,331,430,422,430,422,454	Robustly
425,454,426,429,479,433,478,458	Step-
230,432,323,431,323,450,230,451	DARTS-
105,429,170,428,170,451,105,453	Junchi
175,429,224,428,224,452,176,453	Yan.
10,430,56,428,57,453,11,455	Wei
60,451,61,429,101,429,100,452	>and
207,423,207,401,268,402,267,424	Wang,
0,424,1,399,50,401,49,426	iang
444,423,444,400,483,401,483,424	Lu
107,421,107,401,200,402,200,422	Xiaoxing
387,421,387,401,440,401,440,421	Shun
310,420,310,401,379,403,378,422	Zhang,
52,424,52,401,101,401,101,424	Chu
273,399,309,398,310,424,274,425	,Boz
320,355,399,354,399,373,320,374	e-prints,
163,352,244,352,244,373,163,373	Attacks
64,371,64,353,155,353,155,371	Inference
408,371,408,351,464,352,464,372	2020
252,372,252,350,314,351,314,373	ArXiv
0,374,1,349,60,352,58,377	ership
0,326,21,326,21,342,0,342	as
362,345,362,323,477,323,477,345	Label-Only
246,343,247,321,342,325,341,347	Papernot.
28,342,28,321,103,322,102,343	Carlini,
161,321,237,320,237,342,161,343	Nicolas
112,344,112,319,154,319,154,344	and
2,316,2,292,51,292,51,316	pher
65,296,94,294,95,310,66,312	A
308,312,308,292,383,292,383,312	Florian
113,310,114,292,284,294,284,313	Choquette-Choo,
402,294,477,292,477,311,402,313	Tramer,
64,264,64,243,119,243,119,264	2019.
0,268,0,242,56,242,56,268	CCV),
315,234,317,214,346,217,344,236	CONS
199,235,200,213,313,216,313,238	Conference
347,235,348,214,448,217,447,238	Computer
64,214,194,213,194,234,64,234	International
2,233,2,212,59,212,59,233	IEEEI
42,185,126,183,127,203,43,205	between
392,202,393,184,482,184,482,203	Proceed
246,185,356,185,356,202,246,202	Evaluation
363,185,390,184,391,204,363,204	.In
131,183,199,183,199,203,131,204	Search
0,207,0,182,40,183,40,208	Gapb
202,204,202,182,242,182,242,204	and
130,171,130,155,250,156,249,172	Architecture
4,173,4,154,117,155,117,173	ifferentiable
348,177,348,153,437,155,437,178	Bridging
259,174,259,153,335,153,335,175	Search
444,151,480,150,480,175,444,176	the
0,127,37,127,37,148,0,148	enn,
393,147,393,122,477,124,477,149	Progress
39,147,39,122,110,122,110,147	Lingxi
331,122,384,121,384,145,331,146	Tian
254,145,255,122,294,124,292,147	and
162,123,203,122,204,145,162,147	Jun
207,121,251,120,252,149,207,150	Wu,
114,147,114,120,158,120,158,147	iXie
240,65,240,46,399,46,399,65	Representations
110,46,141,46,141,68,110,68	CONL
1,67,1,45,108,48,107,70	Conference
401,69,402,43,477,46,476,72	S(ICLR),
142,66,142,44,232,44,232,66	Learning
385,32,385,29,389,29,389,32	I
223,29,223,26,226,26,226,29	I
381,24,394,23,395,33,382,34	of
233,25,233,22,235,22,235,25	I
401,35,401,17,481,17,481,35	Interna-
247,36,248,19,367,19,367,37	Proceedings
220,31,220,20,237,20,237,31	In
7,18,126,17,126,32,7,33	Architecture
135,35,135,16,206,17,205,36	Search.
468,4,468,1,476,1,476,4	a
380,6,380,0,463,0,463,6	with
85,9,85,0,125,0,125,10	second
303,7,303,0,382,0,382,7	compaq
211,0,283,0,283,9,211,10	Schemed
125,0,173,0,174,10,126,11	Second
24,7,24,0,72,0,72,7	and
178,8,178,0,213,0,213,8	started
