69,587,70,568,144,571,143,590	Pattern
412,589,413,567,474,570,474,591	2018.
149,589,150,568,273,570,272,591	Recognition,
281,570,407,568,408,591,281,593	>84:317-331,
313,540,421,540,421,557,313,557	Adversarial
130,561,130,539,180,539,180,561	after
525,559,525,540,597,541,597,560	Learnin
432,540,517,539,518,558,433,559	Machine
279,561,280,538,306,539,305,562	Coff
68,560,69,537,128,538,127,562	Years
227,560,228,536,276,537,276,561	Rise
184,537,225,537,225,560,184,560	The
41,525,41,522,44,522,44,525	I
32,530,32,513,47,513,47,530	[6
71,510,147,509,147,528,71,529	Battista
478,528,478,510,561,510,561,528	Patterns:
233,530,233,510,273,510,273,530	and
155,532,156,507,228,510,227,535	Biggio
420,530,420,508,469,508,469,530	Wild
345,531,345,507,399,507,399,531	Roli
279,509,338,508,338,530,279,530	Fabio
69,486,70,460,151,463,150,489	(ICML),
156,462,213,462,214,486,157,486	2012.
402,454,402,435,431,436,430,456	on
435,454,435,433,520,434,520,455	Machine
284,455,284,433,397,434,397,456	Conference
197,435,280,431,281,454,199,458	SOFIEEE
71,452,71,431,195,436,194,457	Proceedings
527,453,528,432,597,433,597,454	Learnin
232,405,304,404,304,425,232,426	against
399,425,399,404,467,404,466,426	Vector
309,428,310,402,392,404,391,430	Support
146,403,224,403,224,425,146,426	Attacks
68,427,69,402,140,403,139,429	soning
476,404,574,403,574,422,476,423	Machines
491,394,491,375,564,375,564,394	Laskov.
232,374,300,373,300,394,232,395	Blaine
152,397,153,372,226,374,225,399	Biggio
71,376,146,374,147,393,72,395	Battista
430,394,430,373,486,373,486,394	Pavel
305,394,305,373,380,373,380,394	Nelson
385,373,426,372,426,394,386,395	>and
70,352,70,326,150,327,149,353	(ICML),
157,349,157,327,210,327,210,349	2013.
403,318,404,300,431,302,429,320	on
284,317,285,296,399,299,398,320	Conference
198,298,280,298,280,322,198,322	SOFIEEE
73,316,73,302,193,302,193,317	Proceedings
435,316,436,297,520,299,520,318	Machine
525,319,526,297,599,299,599,320	Learnin
96,270,191,269,191,286,96,287	Hundreds
451,288,451,267,585,268,585,288	Architectures.
224,287,224,268,340,268,340,287	Dimensions
345,288,345,267,377,267,377,288	for
196,268,220,268,220,288,196,288	soft
381,267,446,266,446,289,381,290	Vision
137,251,137,248,140,248,140,251	I
132,248,136,245,140,249,136,252	mother
67,260,67,240,117,240,117,260	ence
314,263,314,237,480,239,479,264	Hyperparameter
487,260,488,239,596,240,596,261	Optimization
227,258,227,237,302,237,302,258	Search:
155,237,221,236,221,259,155,260	Model
127,255,127,241,145,241,145,255	of
587,219,591,219,591,223,587,223	a
355,229,356,206,414,210,412,233	ID.D.
94,229,95,209,183,210,183,230	Bergstra
475,230,475,207,556,208,556,231	Making
415,208,469,207,470,231,416,233	Cox.
309,209,350,207,351,229,310,231	and
224,209,300,208,300,227,225,229	Yamins,
28,232,28,207,62,207,62,232	[4]
70,183,70,162,125,162,125,183	2017.
284,153,285,134,372,137,371,155	Learning
252,154,252,134,280,134,280,154	Coni
381,133,538,130,539,150,382,153	Representations
135,155,135,131,248,133,247,156	Conference
541,131,600,130,600,156,542,157	S(ICLE
72,151,72,132,130,133,130,152	tional
541,123,541,103,599,103,599,123	Intern
378,123,378,104,499,106,499,124	Proceedings
228,124,228,100,324,102,323,126	Learning
70,123,70,101,218,101,218,123	Reinforcement
561,93,561,73,599,73,599,93	susine
428,77,556,76,556,90,428,92	Architectures
334,92,334,73,418,73,418,92	Network
152,96,152,74,254,74,254,96	Designing
69,94,69,72,144,72,144,94	Raskar.
260,72,327,71,328,93,260,93	Neural
537,62,537,43,597,43,597,62	Rames
217,43,287,41,287,61,218,63	Otkrist
70,63,70,42,141,42,141,63	Bowen
146,63,146,43,208,44,208,64	Baker,
493,63,493,42,532,42,532,63	,and
364,43,429,42,430,61,365,62	Nikhil
290,64,291,38,360,41,359,67	Gupta
433,63,433,40,488,40,488,63	INaik,
67,23,68,0,154,1,154,25	(ICML)
157,0,217,0,217,17,157,18	2018.
