13,589,13,567,72,568,72,590	2018
571,570,589,569,590,584,572,585	of
440,588,440,565,565,568,565,591	Proceedings
410,588,410,566,437,566,437,588	In
328,586,329,563,402,565,402,588	Search.
33,558,34,540,118,540,118,559	Machine
0,560,0,539,26,539,26,560	ial
124,560,125,538,217,541,217,564	Learning.
330,558,331,536,406,536,406,559	tending
539,559,540,534,600,539,598,563	fRepro
514,557,514,537,536,537,536,557	ofl
445,561,445,535,509,535,509,561	Scope
408,536,443,535,444,558,409,559	the
77,529,77,509,164,509,164,529	Patterns:
20,509,69,509,69,529,20,530	Wild
413,530,413,506,474,506,474,530	Dong
274,533,274,506,324,506,324,533	[17]
178,508,220,507,220,530,179,531	Ten
480,506,521,505,521,527,481,528	and
331,530,331,504,406,505,405,531	Xuanyi
565,527,567,504,600,508,599,531	Yan
330,477,331,454,387,457,386,480	2021
2,454,2,437,29,437,29,454	on
127,453,128,432,216,435,216,456	Learning
36,452,36,433,121,435,120,454	Machine
469,449,469,427,582,430,581,452	Conference
332,448,332,430,462,430,462,448	International
2,405,66,404,66,424,2,424	Vector
75,404,171,403,171,424,75,424	Machines.
205,412,205,405,213,405,213,412	the
480,399,596,398,596,422,480,423	perspective
331,401,397,400,397,417,331,417	tecture
405,397,473,396,473,418,405,419	Search
413,382,413,379,417,379,417,382	the
420,382,420,379,426,379,426,382	I
91,375,166,374,166,393,92,394	Laskov.
31,394,31,373,86,373,86,394	Pavel
0,394,0,375,24,375,24,394	nd
173,394,176,369,225,374,222,400	POI
411,380,411,376,414,376,414,380	the
408,380,408,376,411,376,411,380	I
424,379,424,376,427,376,427,379	-
415,383,415,375,427,375,427,383	)1
425,379,425,373,429,373,429,379	a
404,387,405,370,435,371,434,388	On
329,368,381,367,381,389,330,390	nian.
447,369,560,368,560,387,447,387	Adversarial
569,390,569,367,599,367,599,390	Ro
476,361,476,336,571,337,571,362	Gopalani
329,358,329,336,396,336,396,358	Mittal,
405,337,469,335,469,359,406,360	Pulkit
274,307,323,306,323,333,275,334	[16]
330,327,331,311,431,311,431,328	Chaitanya
443,331,444,303,584,307,583,334	Devaguptapu,
1,319,2,300,30,301,30,320	on
127,317,128,296,216,300,215,321	Learning
34,316,35,298,121,300,120,318	Machine
0,269,46,268,47,288,1,288	ision
53,287,53,268,185,268,185,287	Architectures.
197,287,197,268,215,268,215,287	In
328,264,385,261,386,283,329,286	puter
501,277,501,259,574,260,573,279	Pattern
390,280,390,258,452,258,452,280	Vision
457,257,497,256,497,279,458,280	and
1,259,1,241,77,241,77,259	rameter
88,237,218,236,218,258,88,259	Optimization
463,249,464,228,587,233,586,254	Proceedings
330,231,426,230,426,248,331,249	Database
433,249,434,227,459,228,457,250	In
75,229,76,204,157,208,156,234	Making
15,230,16,204,70,207,69,233	Cox.
180,231,180,207,219,207,219,231	Sci-
518,215,518,203,532,203,532,215	the
547,223,547,199,599,199,599,224	Larg
396,221,397,199,504,201,504,223	ImageNet:
325,223,325,196,372,196,372,223	Fei
438,184,441,181,443,183,440,186	the
427,183,427,179,430,179,430,183	I
536,175,540,175,540,179,536,179	I
452,191,453,169,513,171,512,193	Dong,
339,177,339,174,343,174,343,177	the
274,195,274,168,322,168,322,195	[15]
349,193,349,167,411,169,411,195	Deng,
423,189,423,171,445,171,445,189	W
336,178,340,170,350,176,347,183	The
547,189,548,167,599,169,598,191	Soch
3,156,3,135,140,135,140,156	presentations
142,157,142,131,219,131,219,157	(ICLR),
371,121,529,120,529,141,372,143	Representations
534,142,534,120,598,122,597,144	(ICLR
327,146,331,117,366,122,362,152	ing
0,125,1,102,101,105,101,128	oceedings
139,124,140,101,222,102,222,124	Interna-
520,110,521,92,599,93,599,110	Internat
360,111,361,90,483,94,482,115	Proceedings
335,107,335,93,347,93,347,107	In
10,89,10,86,14,86,14,89	I
6,81,18,81,18,90,6,90	IK
27,91,27,75,156,75,156,91	Architectures
163,94,164,71,218,74,217,97	susing
381,63,417,62,418,83,382,83	out
455,81,455,61,581,61,581,81	Performance
326,87,326,60,379,60,379,87	ping
426,62,445,62,445,80,426,80	of
137,62,137,43,217,43,217,62	Ramesh
94,63,94,43,133,43,133,63	and
34,43,89,40,90,62,35,65	Naik,
0,42,31,41,32,63,0,64	hill
505,31,569,30,569,50,505,51	Junchi
329,51,329,30,403,30,403,51	Xiaolin
460,30,500,29,500,51,460,52	>and
411,54,411,28,457,28,457,54	Wei
331,22,331,0,448,1,448,24	Xiangxiang
507,21,508,0,598,2,598,22	Xiaoxing
450,22,452,0,504,1,502,26	Chu,
275,25,275,0,323,1,323,26	[14]
