26,583,26,579,33,579,33,583	-
19,580,19,577,23,577,23,580	I
451,587,451,570,480,571,480,588	on
29,575,29,572,32,572,32,575	:
27,575,27,572,29,572,29,575	I
335,586,335,567,446,567,446,586	Conference
171,567,327,566,327,588,171,589	ofInternational
40,585,41,566,165,570,164,589	Proceedings
14,584,14,566,35,566,35,584	In
141,539,272,538,272,556,141,557	Reproducible
279,535,347,534,347,557,279,558	Neural
112,559,112,537,137,537,137,559	Coff
46,561,46,535,109,535,109,561	Scope
355,538,478,537,478,556,355,556	Architecture
9,536,42,535,43,557,10,558	the
468,521,468,518,470,518,470,521	I
459,521,459,518,461,518,461,521	:
452,522,456,509,481,515,477,529	Ex-
13,531,13,505,73,505,73,531	Dong
252,526,252,507,427,507,427,526	NAS-Bench-201:
82,508,120,506,121,526,83,528	and
166,530,167,504,224,505,223,532	Yang.
315,428,478,427,478,448,315,449	Representations,
187,449,187,429,215,429,215,449	on
219,446,220,428,307,430,306,449	Learning
70,449,70,427,180,428,180,450	Conference
3,446,3,427,64,428,63,448	tional
221,409,226,409,226,412,221,412	I
81,402,197,401,197,421,81,422	perspective.
354,418,354,399,448,402,448,421	Workshop
242,418,242,398,346,398,346,418	RobustML
5,418,5,397,74,397,74,418	Search
210,400,234,399,234,416,210,417	In
18,379,22,376,24,378,21,381	)
22,378,22,376,24,376,24,378	coin
27,378,27,375,29,375,29,378	I
25,378,25,375,27,375,27,378	I
20,378,24,374,28,378,24,383	of
171,370,289,369,290,386,171,387	Robustness:
25,375,25,373,27,373,27,375	I
338,368,406,365,407,386,338,389	Neural
47,387,47,368,160,368,160,387	Adversarial
416,387,416,367,480,367,480,387	Archi
3,388,5,367,36,370,35,390	On
343,356,343,338,474,339,474,357	Balasubrama
230,337,304,336,304,356,230,357	Vineeth
75,361,75,336,172,337,172,362	Gopalani
181,338,221,337,222,358,182,360	and
6,358,6,337,68,337,68,358	Pulkit
297,330,297,308,389,308,389,331	Agarwal
0,311,34,309,36,330,0,332	nya
403,328,404,309,479,310,479,329	Gaurav
196,328,196,308,284,308,284,328	Devansh
42,330,43,303,183,307,182,334	Devaguptapu,
306,281,306,259,391,259,391,282	(CVPR),
182,278,183,259,300,262,300,281	Recognition
397,260,448,258,449,279,398,281	2009
1,259,52,258,53,279,2,280	ision
101,278,101,257,174,258,174,279	Pattern
56,280,58,256,99,259,97,282	and
395,251,395,232,422,232,422,251	ON
0,252,0,231,31,231,31,252	se.
277,248,278,230,389,231,389,250	Conference
192,232,270,229,271,248,192,251	OFIEE
425,250,426,226,484,229,483,253	Com-
63,249,63,230,185,234,184,253	Proceedings
32,229,58,229,58,250,32,250	In
119,216,119,205,140,205,140,216	a
212,201,269,200,269,219,213,220	-scale
279,218,280,200,402,201,402,219	Hierarchical
149,222,149,198,217,199,216,223	Large-s
3,222,3,198,104,198,104,222	ImageNet:
414,222,415,197,479,198,479,223	Image
52,193,52,169,113,171,113,195	Dong
149,187,150,170,221,172,221,189	Socher,
230,192,230,168,291,169,291,193	LLi
368,190,368,168,408,168,408,190	and
439,194,439,168,484,168,484,194	iFeis
23,190,23,170,47,170,47,190	W
410,169,435,167,437,189,412,191	ILil
333,192,333,166,367,166,367,192	iLi,
291,166,331,165,331,190,292,191	Kail
2,125,127,123,127,138,2,139	presentations
217,141,218,120,273,121,273,142	2021
133,143,134,119,210,121,209,145	(ICLR),
2,112,2,92,83,94,83,114	ceedings
378,112,379,92,410,94,409,114	on
412,111,413,88,484,91,482,114	Learn-
258,111,259,89,372,90,372,113	Conference
122,108,123,92,251,93,251,109	International
32,74,32,70,35,70,35,74	I
375,81,375,60,478,60,478,81	Indicators.
288,61,366,60,366,81,288,81	Without
186,84,187,59,278,60,278,85	Collapse
55,81,55,62,181,63,181,82	Performance
25,66,38,59,45,71,32,78	of
332,33,421,32,421,53,332,54	Robustly
230,51,230,31,323,31,323,51	DARTS-
424,54,427,28,483,33,481,59	Step-
103,52,104,28,170,29,170,54	Junchi
10,52,11,27,56,29,55,54	Wei
174,53,174,27,225,27,225,53	iYan.
60,51,60,28,101,29,101,52	>and
1,25,2,1,50,2,49,26	iang
386,22,386,2,440,2,440,22	Shun
207,22,208,0,271,1,270,25	Wang
51,2,101,1,102,24,52,25	Chu,
445,25,445,0,483,0,483,25	Lu,
308,22,309,0,382,2,381,26	Zhang,
107,20,108,1,200,3,200,22	Xiaoxing
275,0,308,0,309,22,276,24	>Bob
