189,325,189,308,217,308,217,325	on
411,305,491,304,492,330,411,331	(ICML),
222,323,222,303,308,305,308,325	Machine
70,327,70,304,186,304,186,327	Conference
312,326,313,302,406,305,405,330	Learning
500,304,559,303,559,325,501,325	2018.
553,294,553,291,555,291,555,294	-
550,291,558,291,558,294,550,294	-
407,295,407,274,531,277,531,298	Proceedings
292,275,367,274,367,295,292,296	Search
165,275,287,273,287,292,165,295	Architecture
71,293,71,276,155,276,155,293	Efficient
563,296,563,274,600,274,600,296	fiee
377,276,404,275,404,295,378,296	In
429,265,429,246,581,246,581,265	Transformation
335,247,421,246,421,263,336,264	Network
218,245,326,245,326,263,218,263	Path-Level
70,265,70,245,109,246,109,266	and
113,267,114,244,168,246,167,269	Yong
172,244,212,243,212,266,172,267	Yu.
54,228,54,226,56,226,56,228	I
344,217,418,216,418,234,345,236	Weinan
427,235,428,215,495,217,495,237	Zhang,
176,235,176,215,264,217,263,237	Jiacheng
507,238,507,214,563,214,563,238	Song
272,238,273,213,329,216,328,241	Yang,
69,215,114,214,114,236,70,237	Han
569,215,600,214,600,236,570,237	Ha
119,238,120,212,167,214,166,240	Cai
26,213,63,213,63,240,27,241	17]
149,191,149,168,273,170,273,193	Recognition,
71,188,71,169,144,169,143,188	Pattern
412,169,467,168,467,190,412,191	2018.
279,190,279,168,407,169,406,191	,84:317-331,
131,161,131,140,180,140,180,161	after
433,140,518,139,518,158,433,159	Machine
312,141,425,141,425,157,312,158	Adversarial
525,160,525,140,600,140,600,160	Learnin
279,159,280,138,308,140,307,161	Coff
228,138,276,137,276,161,228,162	Rise
183,160,183,138,225,138,225,160	The
70,161,70,139,125,139,125,161	Years
478,110,564,110,564,130,478,130	Patterns:
156,132,156,109,226,110,226,133	Biggio
26,137,26,109,63,109,63,137	[6]
234,131,234,109,274,109,274,131	and
421,111,469,109,469,128,421,130	Wild
71,111,146,110,146,128,71,129	Battista
346,110,396,108,397,130,347,132	Roli
281,110,339,108,340,128,282,131	Fabio
207,79,207,77,209,77,209,79	the
77,79,77,71,79,71,79,79	the
72,89,72,62,151,64,150,91	(ICML),
158,85,158,62,217,62,217,85	2012
402,54,402,37,430,37,430,54	on
197,59,197,35,225,35,225,59	sofl
435,51,435,35,520,37,520,53	Machine
526,52,526,32,599,34,599,54	Learnin
70,53,70,32,195,36,194,58	Proceedings
224,54,224,32,280,33,279,55	FIEEE
283,56,284,30,400,32,399,57	Conference
402,22,402,5,465,5,465,22	Vector
232,6,303,3,304,24,233,27	against
476,20,477,3,571,5,571,22	Machines
311,28,311,3,392,3,392,28	Support
147,24,147,4,223,4,223,24	Attacks
69,23,70,3,138,5,137,26	soning
