14,329,14,304,92,305,92,330	(ICML),
519,328,520,304,600,305,600,329	Researc
331,323,331,306,416,307,415,324	Machine
421,325,422,303,515,307,514,329	Learning
99,326,99,304,154,304,154,326	2018.
143,294,143,290,157,290,157,294	the
330,278,362,276,362,296,330,298	ter.
163,296,163,275,219,275,219,296	FIEE
8,297,8,276,130,278,130,298	Proceedings
448,293,448,276,572,277,571,295	Architecture
373,295,373,274,442,274,442,296	Neural
579,295,579,275,600,275,600,295	Se
333,246,411,246,411,263,333,263	Thomas
29,246,181,246,181,265,29,265	Transformation
417,264,418,242,491,245,490,266	Elsken
543,244,597,243,598,264,543,265	Hend
272,272,273,242,323,244,322,273	[18]
0,265,0,245,23,245,23,265	rk
499,244,537,244,537,266,499,266	Jan
188,265,188,244,220,244,220,265	for
0,220,20,220,20,236,0,236	an
27,237,28,214,97,217,96,240	Zhang,
170,238,170,215,219,215,219,238	Han
108,238,108,214,164,215,164,239	Song
428,219,429,196,589,196,589,219	Representations
330,216,331,195,422,197,421,218	Learning
573,180,581,180,581,185,573,185	U
14,189,14,168,69,169,69,190	2018.
440,185,441,166,564,170,564,190	Proceedings
329,167,403,166,404,187,330,189	Search
410,167,438,166,439,187,411,188	In
124,159,125,139,216,142,215,162	Learning.
33,157,33,140,118,141,118,158	Machine
0,141,26,139,28,159,0,162	ial
537,161,537,135,600,135,600,161	fRepro
511,155,514,136,539,140,536,159	Coff
445,161,445,135,509,135,509,161	Scope
330,158,331,136,405,137,405,159	tending
410,157,410,136,443,136,443,157	the
542,122,542,118,553,118,553,122	and
544,117,544,115,546,115,546,117	a
77,110,165,110,165,130,77,130	Patterns:
20,110,69,109,70,128,20,129	Wild
180,110,219,108,220,130,181,132	Ten
413,129,413,106,473,108,472,131	Dong
273,132,273,105,323,106,322,133	[17]
539,119,539,110,552,110,551,119	Y`
482,107,521,106,521,126,483,127	and
329,130,330,104,406,106,406,132	Xuanyi
566,129,566,105,600,105,600,129	Yar
330,78,331,57,383,58,383,79	2021.
2,54,2,39,30,39,30,54	on
35,53,35,34,121,35,121,54	Machine
124,53,126,31,218,36,217,59	Learning
332,30,462,29,462,46,332,47	International
467,51,467,24,582,24,582,51	IConference
3,5,66,5,66,23,3,23	Vector
76,22,76,6,170,6,170,23	Machines.
480,4,594,1,595,19,480,22	perspective
332,17,332,2,399,2,399,17	tecture
406,17,406,1,472,1,472,17	Search
