0,325,0,309,18,309,17,325	New
119,327,120,304,216,305,215,329	Research,
22,324,23,303,114,307,113,329	Learning
333,327,333,303,387,304,387,327	2019.
223,330,224,302,329,305,329,332	120):1-21,
288,297,288,276,358,276,358,297	Survey
374,295,374,275,452,275,452,295	Journal
1,296,1,275,44,275,44,296	ural
259,278,283,275,285,291,261,294	A
177,276,255,275,255,295,178,296	Search
49,294,49,275,173,276,172,295	Architecture
234,264,235,242,316,246,315,268	Metzen
17,264,18,242,93,245,92,267	Elsken
144,263,144,246,225,246,225,264	Hendrik
433,245,481,245,481,264,433,265	Hut-
367,245,428,244,428,264,367,265	Frank
323,245,361,243,362,263,324,265	and
99,245,137,244,138,266,100,267	Jan
0,219,1,200,23,202,21,221	ng
193,223,193,196,269,196,269,223	(ICLR),
28,218,28,196,189,196,189,218	Representations
276,217,277,195,332,197,332,219	2020.
451,186,451,171,479,172,479,187	on
191,169,327,167,327,185,192,187	fInternational
169,189,170,168,200,169,199,191	ofh
41,186,41,164,165,168,165,190	Proceedings
332,186,333,163,448,166,448,189	Conference
11,186,13,164,40,166,38,188	In
141,158,141,138,273,138,273,158	Reproducible
45,160,45,135,109,136,108,161	Scope
354,137,478,136,478,154,354,155	Architecture
280,136,348,136,348,156,280,157	Neural
112,156,113,137,137,138,135,157	Coff
10,136,44,135,44,157,10,158	the
469,119,469,115,471,115,471,119	I
13,130,13,106,73,107,73,131	Dong
443,126,446,105,482,109,479,131	Ex-
253,106,423,105,423,126,253,127	NAS-Bench-201:
130,127,130,106,164,106,164,127	Yid
165,128,166,105,221,108,220,131	Yang.
83,107,121,106,121,126,83,127	and
186,32,214,32,214,48,186,48	on
2,29,62,29,62,47,2,48	tional
314,29,476,28,476,50,314,51	Representations,
218,47,219,26,309,30,308,52	Learning
67,47,68,24,182,27,182,50	Conference
81,5,199,5,199,20,81,21	perspective.
356,21,356,2,450,2,450,21	Workshop
242,17,242,2,346,2,346,17	RobustML
5,1,72,1,72,17,6,17	Search
223,14,223,4,232,4,231,14	n
