139,546,140,509,244,514,242,551	2018
137,493,138,467,186,469,185,495	on
395,490,396,459,505,461,504,492	Vision
197,494,197,459,382,461,381,496	Computer
517,459,587,457,588,492,518,494	and
497,439,498,406,599,408,598,442	Proce
237,408,369,407,369,436,237,437	Models.
136,441,137,404,215,405,215,441	Box
437,386,438,350,532,352,532,388	Nets:
256,352,426,351,426,383,256,383	Knockoff
135,386,135,350,233,350,233,386	Fritz
542,350,598,346,600,386,545,390	Steve
406,331,407,293,586,300,585,338	Orekondy
140,329,140,297,381,297,381,329	Tribhuvanesh
37,337,38,296,123,298,122,339	[44]
451,227,452,191,596,197,595,233	Security
141,199,439,194,440,219,142,224	Communications
389,142,540,141,540,169,389,169	SIGSAC
270,141,369,141,369,174,270,175	ACM
196,174,197,140,253,142,252,176	the
149,152,149,147,157,147,157,152	the
291,91,417,86,419,121,292,126	against
433,121,433,88,596,89,596,122	adversari
141,120,141,86,275,86,275,120	defense
136,68,136,37,286,38,286,69	Dongyu
292,72,294,28,402,34,399,78	IMenge
406,33,472,28,475,65,409,70	and
37,77,37,29,120,29,120,77	[43]
481,67,481,30,559,30,559,67	Hao
