263,218,266,194,320,199,318,220	via
6,218,6,191,125,191,125,218	tecture
139,191,256,187,257,216,140,220	Search
529,200,529,174,600,175,600,200	ence
25,166,25,165,26,165,26,166	-
315,168,317,163,323,166,321,171	the
84,166,85,165,86,166,85,167	a
51,166,51,165,52,165,52,166	the
50,166,50,165,51,165,51,166	the
28,166,28,165,30,165,30,166	I
232,152,232,150,233,150,233,152	the
232,149,232,148,233,148,233,149	the
117,140,214,139,214,171,117,171	Quoc
222,167,223,133,321,136,320,170	VLe
0,182,0,132,98,132,98,182	Zoph,
535,135,535,134,536,134,536,135	Webber's
589,126,589,125,590,125,590,126	I
589,125,589,124,590,124,590,125	I
539,122,539,121,540,121,540,122	States
526,146,526,110,600,110,600,146	with
528,91,528,57,583,58,582,92	the
172,61,172,60,173,60,173,61	the
168,61,168,60,170,60,170,61	Sender:
167,61,167,60,168,60,168,61	the
166,61,166,60,167,60,167,61	-
166,61,166,60,167,60,167,61	I
172,61,172,59,173,59,173,61	the
168,60,168,59,169,59,169,60	the
167,60,167,59,168,59,168,60	=
151,59,151,58,152,58,152,59	-
174,59,174,58,175,58,175,59	the
187,56,192,55,193,61,188,62	I
175,54,175,53,176,53,176,54	the
175,51,175,50,176,50,176,51	the
1,42,62,42,63,66,1,66	ons
172,48,172,46,173,46,173,48	the
172,46,172,45,173,45,173,46	the
68,71,70,28,187,32,185,74	(CCS),
207,65,207,31,299,31,299,65	2020.
574,36,574,35,575,35,575,36	the
520,41,525,0,594,9,589,50	ley
265,12,265,10,266,10,266,12	the
265,10,265,9,266,9,266,10	the
16,7,16,6,18,6,18,7	I
16,7,16,6,17,6,17,7	the
15,5,25,5,25,8,15,8	-
308,6,308,5,309,5,309,6	the
216,13,218,0,272,2,270,19	MAIL
285,5,310,1,311,8,287,13	CI
101,0,163,0,163,13,101,14	DAI
51,0,93,0,94,15,51,15	the
