321,186,321,185,322,185,322,186	the
278,186,278,184,279,184,279,186	the
324,185,324,184,325,184,325,185	I
321,184,321,183,322,183,322,184	the
330,184,330,182,331,182,331,184	I
322,183,322,182,323,182,323,183	the
321,183,321,182,322,182,322,183	Sender:
460,183,460,182,461,182,461,183	I
331,182,332,181,332,182,332,183	I
320,182,320,181,323,181,323,182	the
460,182,460,181,461,181,461,182	I
219,199,219,174,267,174,267,199	on
129,199,129,174,209,174,209,199	ence
321,196,324,165,440,176,437,206	earning
449,201,451,164,600,173,600,210	Represen
269,198,271,164,334,167,333,201	Lea
357,137,357,136,358,136,358,137	the
136,135,136,134,137,134,137,135	Webber's
135,133,135,132,136,132,136,133	=
447,127,447,126,448,126,448,127	the
449,125,449,124,450,124,450,125	the
216,125,216,124,217,124,217,125	the
217,123,217,122,218,122,218,123	the
138,122,138,121,139,121,139,122	the
438,143,438,112,600,114,600,145	Proceed
125,146,125,109,206,110,206,147	with
206,142,206,107,368,109,368,144	ResNets
423,118,423,117,425,117,425,118	the
396,111,436,110,437,144,397,145	In
447,91,447,90,448,90,448,91	I
447,91,447,90,448,90,448,91	I
448,85,448,84,449,84,449,85	the
448,84,448,82,449,82,449,84	=
434,67,434,66,435,66,435,67	the
128,59,182,57,183,90,129,91	the
502,87,505,51,600,60,600,97	fAdv
467,58,511,55,513,91,468,93	of
190,84,193,43,466,59,463,100	Transferability
174,36,174,35,175,35,175,36	the
383,35,383,33,384,33,384,35	the
175,35,175,33,177,33,177,35	the
176,34,176,33,177,33,177,34	the
396,31,398,31,398,32,396,32	a
395,32,395,31,396,31,396,32	-
176,32,176,31,178,31,178,32	the
176,31,177,30,178,31,177,32	the
367,30,367,29,368,29,368,30	the
369,30,369,29,370,29,370,30	:
368,30,368,29,369,29,369,30	:
514,29,514,28,515,28,515,29	the
513,29,515,27,517,29,515,31	the
175,28,175,27,176,27,176,28	=
508,24,508,22,509,22,509,24	I
506,23,510,20,514,24,510,27	I
366,22,366,21,367,21,367,22	the
504,21,504,20,505,20,505,21	the
348,19,348,18,349,18,349,19	I
354,47,356,5,439,7,438,49	ngjun
346,14,346,13,347,13,347,14	the
345,14,345,13,346,13,346,14	the
327,14,327,13,330,13,330,14	Strippers
451,37,453,3,515,6,514,40	Ma.
206,4,275,3,275,38,206,38	and
119,39,126,0,194,10,187,51	ley
268,33,271,0,362,4,359,40	d<UKN>Xing
558,3,600,1,600,36,559,38	sk
