344,494,345,460,561,466,560,499	Recognition
202,491,203,460,329,465,327,496	Pattern
2,492,2,460,104,460,104,492	Vision
118,493,119,457,190,460,188,496	and
398,438,399,407,495,407,495,439	IEEE
96,443,97,407,316,410,316,446	Proceedings
43,420,43,411,65,411,65,420	the
514,442,516,401,599,406,597,446	Conj
566,385,566,355,598,355,598,385	of
39,386,39,352,131,352,131,387	Nets:
308,352,544,352,544,383,308,384	Functionality
147,385,148,347,296,353,295,390	Stealing
9,333,10,299,184,303,184,337	Orekondy
522,298,589,297,590,332,522,332	and
350,296,486,295,487,333,350,334	Schiele
225,297,327,296,327,330,226,331	Bernt
228,211,228,207,231,207,231,211	I
0,202,43,201,44,229,0,230	ns
210,193,322,185,326,235,214,243	(CCS),
51,229,53,190,198,195,197,234	Security
344,229,344,192,440,192,440,229	2017
384,176,384,148,434,148,434,176	on
451,176,452,139,596,142,596,179	Comput
161,140,364,137,365,175,161,178	Conference
1,170,2,142,143,145,143,173	SIGSAC
482,104,482,99,485,99,485,104	I
503,120,503,87,599,87,599,120	Proce
237,87,411,84,412,125,238,128	lexamples.
34,93,228,88,228,118,35,124	adversarial
447,120,447,86,493,86,493,120	In
493,70,494,36,596,39,594,74	two-p
287,69,289,30,440,36,438,75	Magnet
9,68,9,32,75,32,75,68	and
449,35,483,34,484,61,450,62	A
82,67,82,30,161,30,161,67	Hao
165,31,268,30,268,69,166,69	Chen
