526,588,526,558,598,558,598,588	tect
526,535,526,500,600,501,600,536	aoch
19,483,19,479,22,479,22,483	the
17,485,17,476,21,476,21,485	I
187,495,187,462,317,464,316,496	(CVPR),
3,464,161,463,161,495,3,496	cognition
523,446,599,444,600,483,524,485	Ruo
424,492,424,441,509,441,509,492	1551
3,438,3,406,97,407,97,439	IEEE
117,405,323,403,323,439,117,441	Conference
525,391,526,355,600,357,600,392	USE
209,383,211,351,322,355,320,387	Black
0,386,1,347,147,352,146,391	tionality
163,355,198,353,200,381,165,384	of
522,345,524,299,587,303,584,349	ing
212,331,212,297,323,298,323,333	Mario
121,298,189,296,190,331,122,334	and
1,335,1,296,91,296,91,335	hiele,
525,285,525,249,589,250,589,286	iter,
521,231,522,196,600,198,599,232	Flor
426,195,510,194,510,238,427,239	[54]
0,148,35,148,35,175,0,175	on
50,181,51,138,236,144,234,187	Computer
254,139,325,138,325,175,255,175	and
525,148,525,108,600,108,600,148	(ICL
102,90,322,89,322,127,102,127	Proceedings
47,88,90,86,91,118,49,120	In
526,85,527,54,598,56,597,88	Inte
0,37,39,36,40,71,0,72	et:
92,35,320,31,321,72,93,77	two-pronged
50,41,72,35,78,55,56,61	A
526,36,526,3,600,3,600,36	Trai
