128,560,247,557,248,584,129,587	tecture
264,556,430,551,431,582,265,587	Selection
498,587,498,551,596,552,596,588	Differ
443,554,492,551,494,589,445,592	inl
127,534,128,498,276,505,274,540	aocheng
483,536,483,498,594,499,594,537	Cho-J
291,540,291,499,384,499,384,540	Tang,
402,499,473,494,476,533,405,538	and
300,486,301,445,412,449,410,490	Wang,
128,451,282,448,283,477,128,480	Ruochen
431,478,431,445,573,446,573,479	Minhao
24,442,110,440,111,491,25,493	155]
447,397,449,356,600,363,598,404	Symposi
128,390,128,359,280,361,279,392	USENIX
290,390,292,355,436,362,435,397	Security
203,338,204,305,338,305,337,338	Models
428,302,593,302,593,339,428,339	Prediction
355,341,355,302,416,302,416,341	via
122,302,186,300,187,347,123,349	ing
445,286,446,246,599,250,598,290	Ristenpa
289,284,289,250,433,250,433,284	Thomas
209,286,209,250,279,251,279,287	and
124,251,191,248,193,286,126,289	iter
271,232,271,198,404,198,404,232	Tramer,
125,230,125,196,254,196,254,230	Florian
26,194,109,193,110,239,26,241	[54]
499,231,500,195,597,197,597,234	Zhan
419,196,492,194,493,233,420,235	Fan
137,147,137,112,256,112,256,147	(ICLR),
271,106,370,105,370,144,272,144	2018
131,82,131,59,360,59,360,82	International
371,93,372,51,581,53,580,96	Conference
127,32,129,0,287,8,285,41	Training:
320,32,321,3,455,5,455,34	Attacks
476,38,476,1,544,1,544,38	and
