271,600,271,594,282,594,282,600	the
264,597,264,594,271,594,271,597	and
563,556,563,549,566,549,566,556	I
561,558,561,549,564,549,564,558	in
556,558,556,544,563,544,563,558	I
37,580,37,533,121,533,121,581	[46]
358,570,359,533,499,538,497,576	Melody
508,533,600,533,600,571,508,571	YG
233,535,345,533,345,574,234,575	Pham
137,535,226,534,226,569,137,570	Hieu
230,467,230,439,281,440,280,468	on
140,465,140,439,220,440,220,465	ence
288,467,288,431,469,434,469,470	Computer
480,466,482,430,550,433,548,468	and
521,412,523,375,600,379,600,415	Proc
315,382,457,378,458,410,316,414	Models
141,378,301,377,301,410,141,411	Poisoned
467,414,468,375,520,377,519,415	In
289,345,289,342,292,342,292,345	a
134,366,135,324,246,326,245,368	Wang.
529,359,529,323,600,323,600,359	Twi
310,325,386,323,387,358,311,360	Tale
267,353,267,328,302,328,302,353	A
396,325,522,321,523,357,397,360	ofEvil
258,306,259,267,498,270,497,309	Vorobeychik
138,267,239,267,239,313,138,314	geniy
515,310,515,267,599,269,598,312	Xiap
38,260,38,215,118,215,118,260	[45]
412,254,412,214,511,215,511,254	Shen
217,255,218,216,320,219,318,258	Pang
328,252,328,215,407,215,407,252	Hua
134,216,212,213,214,253,135,256	Ren
522,253,522,213,597,213,597,253	,Xin
230,142,230,137,233,137,233,142	is
138,148,138,110,234,110,234,148	2018.
137,94,138,67,187,68,186,95	on
198,93,198,60,380,60,380,94	Computer
395,91,396,57,505,59,504,93	Vision
515,94,518,55,589,60,587,98	and
498,37,499,7,598,11,597,41	Proce
237,38,237,6,371,7,371,38	Models
136,39,137,4,214,5,213,40	Box
