487,557,487,554,490,554,490,557	I
130,556,130,553,133,553,133,556	a
120,556,120,552,124,552,124,556	a
131,551,131,548,135,548,135,551	I
116,547,149,544,151,562,118,565	Yes
510,581,511,533,600,533,599,582	Quoe
1,574,3,533,99,537,97,578	elody
274,570,274,536,388,538,388,571	Barret
394,577,395,531,504,533,503,579	Zoph,
158,573,158,533,260,533,260,573	Guan
0,466,1,437,70,439,69,467	uter
474,429,588,428,589,481,475,482	(CCS),
158,464,158,432,461,434,461,466	Communications
79,467,80,430,149,432,148,469	and
353,417,353,381,491,382,491,419	OFACM
124,410,125,379,344,387,343,417	Proceedings
69,378,120,375,122,411,71,414	Ink
0,415,1,375,63,377,62,416	els.
499,412,501,375,586,378,585,415	ISAC
484,362,485,321,597,324,596,365	Inputs
268,356,268,325,475,325,475,356	Adversarial
133,326,251,325,251,358,133,359	Twins
42,357,42,323,124,324,124,358	Evil
1,327,37,326,38,356,2,357	of
553,308,553,278,599,278,599,308	an
241,307,241,270,328,270,328,307	Luo,
8,308,9,270,98,271,98,308	chik,
453,309,454,267,533,269,532,311	Liu,
115,312,115,269,230,270,230,313	Xiapu
353,307,354,267,441,268,441,308	Alex
423,249,423,217,584,221,584,253	Shouling
286,254,287,216,416,220,415,258	Zhang
11,256,11,216,110,216,110,256	Shen
122,255,124,212,283,220,281,263	,Xinyangz
344,96,345,58,562,62,561,101	Recognition
2,61,104,60,104,92,2,94	Vision
200,90,201,59,329,59,329,91	Pattern
116,94,116,58,189,58,189,94	and
96,43,96,5,319,8,319,46	Proceedings
515,41,517,4,600,9,598,46	CONJ
398,39,399,5,497,6,496,39	IEEE
