529,596,530,573,599,576,598,599	ence
218,536,320,535,321,572,218,574	vLe
110,534,214,532,215,579,111,581	Quoc
0,575,0,528,102,532,101,579	Zoph,
522,513,596,508,599,542,525,547	with
527,491,527,458,583,458,583,491	the
2,466,2,440,60,440,60,466	ons
79,478,80,429,190,432,189,481	(CCS),
205,470,205,427,302,428,301,471	2020.
520,444,523,401,584,406,580,449	ley
189,418,190,376,325,380,323,422	Confer
2,410,4,377,95,381,93,415	ACM
101,412,102,374,189,377,187,415	ISACO
521,385,521,351,600,351,600,385	Don
425,396,425,348,510,348,510,396	[56]
212,336,319,335,320,359,212,359	versus
0,325,77,324,77,359,0,360	arial
85,360,86,324,197,327,196,363	Inputs
0,309,0,276,45,276,45,309	ex
235,306,239,265,325,272,322,314	Ting
153,270,225,268,226,305,154,307	and
56,269,133,268,134,310,57,311	Liu,
525,268,598,267,599,294,525,295	sent
208,242,211,239,214,242,211,245	I
23,249,24,214,185,219,184,255	Shouling
200,254,200,219,236,219,236,254	Ji,
244,216,322,212,324,250,246,254	Yev-
524,246,527,206,600,211,600,252	ings
526,188,526,158,598,158,598,188	tect
525,103,600,101,600,134,526,136	aoch
191,95,191,60,317,62,317,97	(CVPR),
4,65,160,61,161,91,5,96	cognition
524,82,524,46,598,46,598,82	Ruo
425,91,425,43,508,43,508,91	[55]
118,8,323,7,323,40,118,41	Conference
2,38,2,6,96,7,96,39	IEEE
