128,599,128,573,208,574,208,600	ence
217,572,268,570,269,600,219,600	on
454,595,455,565,597,573,595,600	Represe
276,595,277,565,437,568,436,599	Learning
448,544,449,510,592,512,592,546	Proceed
215,508,369,507,369,547,215,548	ResNets
123,513,204,509,206,541,124,546	with
391,510,440,508,441,545,392,546	In
193,490,193,456,454,457,454,491	Transferability
516,490,516,457,595,457,595,490	CAdven
465,493,465,455,514,455,514,493	Norm
124,493,124,455,183,455,183,493	the
449,404,526,403,526,437,450,438	Ma
123,448,123,400,184,400,184,448	ley
287,438,289,399,437,404,436,443	Xingjun
206,401,274,399,275,437,208,440	and
556,440,556,401,599,401,599,440	Sk
522,385,523,349,600,350,600,386	Wan
316,386,318,350,396,354,394,390	Wu,
25,348,109,347,110,394,26,395	[56]
124,349,305,346,305,388,124,391	Dongxian
409,346,510,344,511,383,409,384	Yisen
125,293,125,265,307,269,307,297	sentations
318,304,318,260,454,260,454,304	(ICLR),
468,298,469,258,561,260,560,300	2021
125,246,128,206,206,211,203,251	ings
276,238,276,212,508,213,507,240	International
524,243,526,205,600,209,600,246	Con
463,176,463,173,466,173,466,176	a
460,176,460,173,464,173,464,176	the
127,159,247,157,248,187,127,188	tecture
498,185,500,149,595,152,594,188	Differ
263,152,431,150,432,187,264,189	Selection
450,183,453,151,490,155,487,186	in
126,134,127,96,276,104,274,141	aocheng
405,101,473,100,474,135,405,136	and
290,139,291,97,383,98,383,140	Tang,
483,99,593,98,594,135,484,136	Cho-J
299,83,301,41,409,47,407,89	Wang,
126,49,284,47,284,78,127,81	Ruochen
433,76,434,45,573,49,572,79	Minhao
26,44,109,43,110,90,27,91	155]
