451,574,562,572,563,598,451,600	against
356,600,356,574,435,574,435,600	work
276,572,340,571,340,600,277,600	that
147,600,147,570,263,571,262,600	images
1,582,134,573,135,595,3,600	versarial
228,527,291,524,293,552,230,555	scanl
1,553,2,527,42,528,41,554	lar
379,527,517,522,518,552,380,556	generate
524,560,526,519,599,522,598,563	ephys
293,556,297,516,375,522,371,562	helpg
47,553,48,513,223,520,222,560	techniques
186,503,187,470,253,471,252,505	etc.
93,500,94,468,176,470,175,502	view,
0,468,41,465,43,505,0,508	gle
48,500,48,467,88,467,88,500	of
524,454,524,424,564,425,563,455	as
432,453,432,420,511,420,511,453	such
8,451,8,426,227,427,227,452	hysical-world
245,419,418,418,419,451,245,452	conditions
257,404,257,376,311,376,311,404	are
0,375,73,374,74,403,1,405	hese
325,374,483,370,483,401,325,405	generated
81,373,240,368,241,405,82,411	examples
558,403,558,369,600,369,600,403	tal
496,411,496,366,549,366,549,411	by
347,352,349,325,386,327,385,354	as
31,348,31,322,123,322,123,348	world
514,354,515,317,600,320,599,357	limag
399,320,504,317,505,354,401,357	digital
270,358,271,317,340,318,340,359	just
206,319,265,318,266,353,206,354	not
133,317,200,316,200,352,134,353	and
306,278,368,276,369,303,307,304	can
232,303,232,271,298,271,298,303	that
62,272,222,266,224,308,64,313	lexamples
0,271,58,269,59,301,0,303	rial
429,301,430,270,559,274,558,305	feasibly
371,269,421,266,423,302,374,305	be
480,227,596,226,596,249,480,250	demons
386,223,469,221,469,251,386,253	work
27,252,29,214,228,221,227,260	Irealizability.
260,251,260,222,372,224,372,253	Recent
42,188,42,162,85,162,85,188	an
526,188,526,155,599,155,599,188	work
19,166,19,162,26,162,26,166	the
94,153,254,152,254,186,95,188	important
5,160,30,159,31,183,6,184	is
263,190,264,148,349,150,347,193	topic
416,186,416,153,515,153,515,186	future
354,187,355,151,409,152,408,188	for
156,141,156,104,292,106,291,143	ftargeted
487,140,488,102,598,108,596,145	limages
4,141,4,106,106,106,106,141	ability
301,134,301,107,481,107,481,134	adversarial
114,138,114,104,154,104,154,138	oft
258,58,395,57,395,84,259,85	Whether
23,59,134,59,134,86,23,87	attacks
487,53,594,52,594,92,488,93	possib
149,96,149,51,227,51,227,96	1321.
409,54,481,53,482,91,410,92	itis
384,36,384,8,476,8,476,36	much
69,39,69,8,199,8,199,39	targeted
491,9,594,8,594,35,491,36	harder
216,9,327,6,328,35,217,38	attacks
3,38,3,3,58,4,57,39	for
