43,557,139,555,139,599,44,600	put
354,557,494,556,495,596,355,598	work
194,597,195,555,334,559,333,600	Prior
520,600,523,548,600,553,599,600	for
397,479,583,475,584,518,398,522	causes
205,525,206,472,386,476,384,530	image
41,524,44,462,196,469,193,532	input
147,437,147,382,211,382,211,437	to
40,435,40,380,135,380,135,435	ble
223,378,536,375,537,432,224,436	adversarial
358,298,542,297,542,348,358,349	shown
40,299,228,296,229,348,40,351	search
242,350,242,295,341,296,341,351	has
404,265,407,212,593,223,590,276	exampled
37,255,38,209,383,217,382,262	Adversarial
469,19,590,15,592,73,471,78	Wo
168,69,170,1,461,8,459,77	Related
