23,348,234,346,235,406,24,408	models.
535,318,535,280,600,280,600,318	an
240,266,511,259,513,322,242,329	problems
7,312,9,256,224,263,222,320	fication
342,183,600,179,600,235,342,239	adversari
28,180,328,179,328,247,28,248	generating
216,139,216,137,218,137,218,139	I
523,148,523,109,600,109,600,148	an
0,98,70,94,73,144,0,148	int
155,101,513,87,515,150,157,163	fperturbationa
80,147,83,89,152,92,149,151	toff
305,24,379,21,381,63,307,66	on
486,12,594,0,600,62,497,79	epric
396,12,484,11,484,61,397,63	the
23,68,25,6,298,17,295,80	timproves
