148,306,148,304,151,304,151,306	the
0,279,107,278,107,316,0,317	ems
263,271,456,268,457,317,264,321	cannot
135,267,238,264,240,316,136,319	and
317,225,317,223,319,223,319,225	,
273,192,433,190,433,236,274,238	exam
0,224,2,178,259,187,257,233	lversarial
139,134,139,132,141,132,141,134	the
235,100,456,99,457,149,236,150	success
124,96,228,95,229,147,124,148	and
0,147,0,91,107,91,107,147	tion
108,37,108,35,110,35,110,37	I
248,14,382,12,382,61,248,64	state
0,61,0,8,86,11,84,63	the
91,6,239,6,239,75,91,75	epriors
391,63,391,7,462,7,462,63	of
