309,543,309,502,462,502,462,543	terms
146,498,224,497,225,546,147,548	art
45,547,45,497,134,497,134,547	the
231,495,295,493,297,547,233,549	tint
476,549,476,491,546,491,546,549	soft
442,422,512,419,514,461,444,464	an
524,461,525,412,597,414,596,463	latt
45,463,45,412,433,413,433,464	demonstrated
42,390,42,333,149,334,149,391	age
397,386,398,323,588,327,586,390	output
291,327,382,326,382,376,292,377	the
164,319,274,317,275,377,166,379	and
273,276,273,273,276,273,276,276	I
285,271,285,268,288,268,288,271	the
287,269,287,266,290,266,290,269	the
44,291,44,238,185,239,184,292	tasks
208,298,208,236,305,236,305,298	IIII
356,155,500,154,501,204,357,205	work
35,150,156,146,158,219,37,223	put.
190,204,190,150,333,151,333,205	Prior
520,209,523,150,600,152,600,212	foo
399,83,583,79,584,116,400,120	causes
200,126,205,62,390,78,385,141	timage
42,125,44,64,195,70,192,130	input
228,29,228,4,534,4,534,29	aaversarian
45,2,133,0,135,33,46,36	only
148,34,149,0,211,0,210,35	to
