523,549,523,506,598,506,598,549	an
0,545,0,497,74,499,73,547	int
154,495,510,488,511,547,155,555	fperturbationa
78,549,82,487,152,491,148,553	toff
304,422,382,420,382,460,305,462	ON
491,475,491,407,600,408,600,476	epric
393,410,484,410,485,464,394,465	the
28,410,293,397,296,458,30,470	timproves
508,335,598,333,599,375,509,377	and
0,380,0,332,72,332,72,380	ass
289,376,290,325,487,327,487,378	Carlini
89,323,246,322,247,377,89,378	label
373,279,373,275,377,275,377,279	I
4,257,32,253,34,269,6,273	`PROPED
65,289,66,241,153,242,152,290	the
164,234,320,232,321,301,165,303	input
370,252,370,249,373,249,373,252	the
328,240,386,237,389,291,331,294	is
461,234,595,231,596,289,462,292	fixed
187,167,262,164,263,205,188,208	on
275,212,279,150,463,160,460,221	image
480,155,594,154,595,209,481,209	class
0,203,3,144,165,158,160,217	nainly
393,92,393,87,396,87,396,92	I
100,71,163,67,167,122,104,126	Ito
4,68,93,67,93,120,5,121	del
176,65,412,61,413,122,177,126	produce
477,118,477,62,600,62,600,118	diffe
470,3,597,2,597,33,470,34	cnan
300,3,453,1,453,28,301,31	small
66,4,231,0,232,31,67,35	where
